time,open,high,low,close,volume
2014-07-10,7.64,7.69,7.26,7.42,1220350
2014-07-11,7.42,7.48,7.31,7.42,733020
2014-07-14,7.42,7.48,7.26,7.26,507830
2014-07-15,7.31,7.69,7.31,7.69,1461940
2014-07-16,7.75,7.8,7.48,7.48,864220
2014-07-17,7.53,7.69,7.42,7.64,854520
2014-07-18,7.59,7.69,7.53,7.59,729660
2014-07-21,7.69,7.86,7.53,7.59,1204390
2014-07-22,7.59,7.59,7.42,7.53,383910
2014-07-23,7.53,7.53,7.37,7.37,364900
2014-07-24,7.48,7.48,7.37,7.42,379890
2014-07-25,7.48,7.48,7.04,7.04,491980
2014-07-28,6.99,6.99,6.56,6.66,1011770
2014-07-29,6.72,6.77,6.56,6.72,545080
2014-07-30,6.72,6.88,6.61,6.61,301530
2014-07-31,6.72,6.94,6.66,6.94,397300
2014-08-01,6.94,6.94,6.77,6.88,232560
2014-08-04,6.83,6.88,6.77,6.83,282020
2014-08-05,6.88,7.04,6.88,6.99,883400
2014-08-06,6.99,7.04,6.88,6.88,227470
2014-08-07,6.83,6.94,6.83,6.94,310520
2014-08-08,6.99,7.04,6.88,6.94,468100
2014-08-11,6.99,6.99,6.83,6.83,256830
2014-08-12,6.83,6.94,6.77,6.77,442180
2014-08-13,6.83,6.83,6.72,6.72,514400
2014-08-14,6.94,6.99,6.77,6.88,1229630
2014-08-15,6.77,7.04,6.72,7.04,1358720
2014-08-18,7.04,7.1,6.94,7.04,661430
2014-08-19,7.04,7.04,6.88,6.99,566820
2014-08-20,6.94,6.99,6.83,6.83,402880
2014-08-21,6.94,6.94,6.77,6.77,598360
2014-08-22,6.77,6.94,6.77,6.88,683890
2014-08-25,6.94,6.99,6.88,6.88,650060
2014-08-26,6.88,6.88,6.72,6.72,528090
2014-08-27,6.72,6.77,6.61,6.61,808590
2014-08-28,6.66,6.88,6.66,6.77,415620
2014-08-29,6.88,7.21,6.88,7.1,1789450
2014-09-03,7.15,7.59,7.15,7.59,2147230
2014-09-04,7.59,8.02,7.59,7.8,1797270
2014-09-05,7.64,7.86,7.53,7.59,887590
2014-09-08,7.64,7.69,7.42,7.42,1174800
2014-09-09,7.37,7.37,6.94,6.94,1854390
2014-09-10,6.88,7.15,6.72,7.1,710040
2014-09-11,7.1,7.59,6.99,7.59,1326180
2014-09-12,7.64,7.8,7.53,7.59,2795680
2014-09-15,7.59,7.91,7.59,7.59,1373680
2014-09-16,7.42,7.59,7.26,7.48,1110440
2014-09-17,7.59,7.69,7.26,7.26,1056440
2014-09-18,7.31,7.37,6.99,6.99,1400560
2014-09-19,6.99,7.15,6.99,7.1,809170
2014-09-22,7.15,7.15,6.94,6.94,485480
2014-09-23,6.88,7.04,6.88,6.94,864290
2014-09-24,6.99,7.04,6.88,6.94,244820
2014-09-25,6.94,7.1,6.88,7.1,509000
2014-09-26,7.1,7.15,6.94,6.94,686000
2014-09-29,6.88,6.99,6.77,6.77,1156490
2014-09-30,6.66,6.99,6.66,6.83,1414870
2014-10-01,6.99,7.26,6.99,7.26,1381300
2014-10-02,7.26,7.26,7.04,7.1,875810
2014-10-03,7.21,7.26,7.1,7.15,1113700
2014-10-06,7.26,7.26,7.15,7.21,1102970
2014-10-07,7.37,7.59,7.37,7.42,2033570
2014-10-08,7.42,7.42,7.21,7.21,795970
2014-10-09,7.26,7.37,7.15,7.21,911110
2014-10-10,7.15,7.21,6.94,6.99,884460
2014-10-13,7.04,7.04,6.94,6.99,488690
2014-10-14,7.15,7.15,6.83,6.83,585770
2014-10-15,6.88,6.99,6.77,6.99,683770
2014-10-16,6.88,6.99,6.66,6.66,754980
2014-10-17,6.77,6.83,6.56,6.83,387910
2014-10-20,6.94,6.94,6.72,6.72,193890
2014-10-21,6.77,6.77,6.61,6.72,318640
2014-10-22,6.77,6.88,6.77,6.88,361370
2014-10-23,6.88,6.88,6.61,6.66,586460
2014-10-24,6.66,6.72,6.39,6.56,723500
2014-10-27,6.56,6.56,6.23,6.23,398690
2014-10-28,6.12,6.34,6.12,6.23,364960
2014-10-29,6.34,6.45,6.28,6.45,215710
2014-10-30,6.39,6.45,6.28,6.39,251760
2014-10-31,6.39,6.61,6.28,6.45,623690
2014-11-03,6.5,6.56,6.39,6.45,864840
2014-11-04,6.45,6.5,6.39,6.39,593510
2014-11-05,6.39,6.45,6.28,6.34,581850
2014-11-06,6.39,6.77,6.34,6.77,1454250
2014-11-07,6.88,7.04,6.77,6.83,1703750
2014-11-10,6.77,6.94,6.66,6.77,779670
2014-11-11,6.77,6.77,6.56,6.61,865910
2014-11-12,6.61,6.66,6.56,6.66,916660
2014-11-13,6.66,6.83,6.66,6.72,811090
2014-11-14,6.66,6.72,6.56,6.61,581730
2014-11-17,6.56,6.66,6.56,6.56,313740
2014-11-18,6.56,6.99,6.56,6.83,2146210
2014-11-19,6.77,6.83,6.61,6.77,821040
2014-11-20,6.77,6.88,6.72,6.88,833570
2014-11-21,6.94,7.21,6.83,6.94,3029220
2014-11-24,6.88,7.15,6.72,6.99,1104970
2014-11-25,7.04,7.1,6.94,6.99,751580
2014-11-26,7.04,7.04,6.61,6.61,1128340
2014-11-27,6.72,6.83,6.61,6.83,699150
2014-11-28,6.88,6.88,6.77,6.77,699490
2014-12-01,6.72,6.83,6.72,6.72,805950
2014-12-02,6.72,6.72,6.61,6.66,572900
2014-12-03,6.66,6.77,6.66,6.72,459970
2014-12-04,6.72,6.83,6.72,6.72,216870
2014-12-05,6.72,6.77,6.61,6.66,538460
2014-12-08,6.72,6.77,6.61,6.61,332950
2014-12-09,6.56,6.61,6.18,6.18,870310
2014-12-10,6.23,6.39,6.07,6.39,548130
2014-12-11,6.28,6.39,6.23,6.23,204860
2014-12-12,6.23,6.34,6.23,6.28,523200
2014-12-15,6.34,6.45,6.28,6.34,461750
2014-12-16,6.34,6.34,6.12,6.23,364070
2014-12-17,6.23,6.23,5.8,5.85,1127530
2014-12-18,6.01,6.01,5.8,5.96,467370
2014-12-19,5.85,5.91,5.58,5.69,402790
2014-12-22,5.74,5.85,5.69,5.85,271610
2014-12-23,5.85,5.85,5.63,5.69,335980
2014-12-24,5.8,5.85,5.58,5.58,154080
2014-12-25,5.58,5.58,5.26,5.26,442210
2014-12-26,5.26,5.26,4.93,4.98,788250
2014-12-29,5.09,5.15,4.71,4.82,323950
2014-12-30,4.77,5.15,4.77,5.15,508880
2014-12-31,5.26,5.47,5.2,5.47,733010
2015-01-05,5.47,5.63,5.36,5.47,344200
2015-01-06,5.31,5.63,5.31,5.63,673570
2015-01-07,5.69,5.8,5.63,5.69,790600
2015-01-08,5.63,5.63,5.53,5.58,289720
2015-01-09,5.58,5.69,5.53,5.58,388380
2015-01-12,5.58,5.58,5.2,5.36,608660
2015-01-13,5.26,5.42,5.26,5.42,414120
2015-01-14,5.36,5.58,5.26,5.42,245150
2015-01-15,5.36,5.8,5.36,5.8,1327030
2015-01-16,5.85,5.85,5.69,5.74,344160
2015-01-19,5.69,5.74,5.58,5.69,271430
2015-01-20,5.58,5.69,5.53,5.58,333180
2015-01-21,5.63,5.63,5.53,5.53,134260
2015-01-22,5.58,5.63,5.47,5.58,206310
2015-01-23,5.63,5.74,5.58,5.69,466770
2015-01-26,5.69,5.96,5.69,5.85,956070
2015-01-27,5.85,6.01,5.63,5.69,907920
2015-01-28,5.8,5.85,5.74,5.8,416200
2015-01-29,5.8,5.8,5.63,5.69,477140
2015-01-30,5.63,5.69,5.42,5.58,668410
2015-02-02,5.53,5.58,5.42,5.42,249180
2015-02-03,5.47,5.53,5.26,5.26,328910
2015-02-04,5.31,5.36,5.15,5.36,261000
2015-02-05,5.42,5.42,5.26,5.26,156630
2015-02-06,5.36,5.36,5.26,5.31,137480
2015-02-09,5.36,5.36,5.2,5.2,118640
2015-02-10,5.2,5.31,5.2,5.26,167070
2015-02-11,5.36,5.42,5.26,5.42,179100
2015-02-12,5.47,5.47,5.31,5.42,342420
2015-02-13,5.47,5.47,5.36,5.47,121660
2015-02-24,5.36,5.47,5.31,5.47,423760
2015-02-25,5.42,5.47,5.26,5.31,648040
2015-02-26,5.31,5.42,5.26,5.31,173450
2015-02-27,5.31,5.42,5.26,5.31,129750
2015-03-02,5.31,5.36,5.26,5.31,125630
2015-03-03,5.31,5.63,5.26,5.63,1542870
2015-03-04,5.8,5.8,5.58,5.63,556120
2015-03-05,5.63,5.69,5.58,5.63,294880
2015-03-06,5.58,5.63,5.47,5.53,393960
2015-03-09,5.47,5.53,5.36,5.36,492840
2015-03-10,5.36,5.53,5.36,5.47,247140
2015-03-11,5.47,5.47,5.42,5.42,141080
2015-03-12,5.42,5.42,5.36,5.42,231570
2015-03-13,5.42,5.42,5.31,5.31,207190
2015-03-16,5.42,5.42,5.31,5.36,241590
2015-03-17,5.36,5.42,5.31,5.42,170460
2015-03-18,5.42,5.42,5.31,5.31,234830
2015-03-19,5.36,5.36,5.26,5.26,99600
2015-03-20,5.26,5.36,5.26,5.31,125390
2015-03-23,5.26,5.31,4.98,4.98,931990
2015-03-24,4.82,4.98,4.77,4.98,744200
2015-03-25,5.04,5.04,4.88,4.93,301270
2015-03-26,4.88,4.93,4.82,4.82,266150
2015-03-27,4.88,4.93,4.66,4.66,295850
2015-03-30,4.77,4.77,4.55,4.66,337340
2015-03-31,4.66,4.71,4.5,4.61,249460
2015-04-01,4.61,4.66,4.33,4.33,525620
2015-04-02,4.33,4.61,4.28,4.61,578020
2015-04-03,4.66,4.66,4.5,4.5,199270
2015-04-06,4.5,4.61,4.44,4.5,205270
2015-04-07,4.5,4.71,4.5,4.66,311460
2015-04-08,4.71,4.71,4.66,4.71,184020
2015-04-09,4.71,4.82,4.66,4.71,254780
2015-04-10,4.71,4.93,4.71,4.88,416750
2015-04-13,4.88,4.93,4.77,4.82,82330
2015-04-14,4.82,4.82,4.66,4.71,66780
2015-04-15,4.71,4.77,4.66,4.66,162020
2015-04-16,4.66,4.71,4.61,4.61,257290
2015-04-17,4.55,4.71,4.55,4.66,233210
2015-04-20,4.61,4.66,4.55,4.66,110890
2015-04-21,4.61,4.66,4.5,4.5,356290
2015-04-22,4.5,4.55,4.5,4.55,99370
2015-04-23,4.61,4.61,4.39,4.39,129800
2015-04-24,4.39,4.5,4.39,4.44,117390
2015-04-27,4.44,4.5,4.33,4.33,253860
2015-05-04,4.39,4.39,4.06,4.06,424790
2015-05-05,3.96,4.12,3.85,4.12,363960
2015-05-06,4.06,4.12,3.9,3.9,329330
2015-05-07,3.9,4.01,3.79,3.9,405680
2015-05-08,3.9,4.12,3.9,4.01,365840
2015-05-11,4.06,4.06,3.96,4.01,144230
2015-05-12,4.01,4.01,3.85,3.9,287470
2015-05-13,3.85,3.9,3.79,3.9,285890
2015-05-14,3.9,3.96,3.79,3.9,898950
2015-05-15,3.9,3.96,3.85,3.85,194040
2015-05-18,3.85,3.85,3.68,3.68,332230
2015-05-19,3.68,3.74,3.63,3.68,199830
2015-05-20,3.68,3.9,3.68,3.9,392810
2015-05-21,3.96,4.17,3.9,4.12,439360
2015-05-22,4.12,4.23,4.06,4.17,289990
2015-05-25,4.12,4.28,4.06,4.28,594970
2015-05-26,4.28,4.5,4.28,4.39,1257970
2015-05-27,4.39,4.5,4.33,4.44,451610
2015-05-28,4.44,4.61,4.44,4.55,432210
2015-05-29,4.61,4.61,4.39,4.5,618410
2015-06-01,4.5,4.5,4.39,4.44,194050
2015-06-02,4.44,4.44,4.33,4.44,315520
2015-06-03,4.39,4.5,4.33,4.5,159610
2015-06-04,4.5,4.5,4.39,4.44,239650
2015-06-05,4.39,4.55,4.39,4.5,281210
2015-06-08,4.55,4.77,4.55,4.66,701430
2015-06-09,4.55,4.66,4.44,4.55,425530
2015-06-10,4.5,4.55,4.39,4.5,267760
2015-06-11,4.5,4.55,4.44,4.44,410300
2015-06-12,4.5,4.55,4.44,4.5,207520
2015-06-15,4.5,4.55,4.39,4.39,389950
2015-06-16,4.44,4.44,4.33,4.33,243590
2015-06-17,4.33,4.33,4.23,4.23,197540
2015-06-18,4.23,4.33,4.17,4.28,236220
2015-06-19,4.28,4.39,4.23,4.23,230480
2015-06-22,4.23,4.23,4.12,4.12,195310
2015-06-23,4.12,4.17,4.12,4.17,200800
2015-06-24,4.17,4.28,4.17,4.23,121050
2015-06-25,4.17,4.23,4.12,4.12,187610
2015-06-26,4.12,4.23,4.06,4.06,379100
2015-06-29,4.06,4.06,3.96,4.06,223990
2015-06-30,4.01,4.12,4.01,4.01,274280
2015-07-01,4.01,4.01,3.96,3.96,60480
2015-07-02,3.96,4.06,3.96,4.01,170350
2015-07-03,4.06,4.12,4.06,4.12,225650
2015-07-06,4.17,4.17,3.96,4.12,207740
2015-07-07,4.12,4.23,4.06,4.17,342060
2015-07-08,4.23,4.23,4.06,4.17,213180
2015-07-09,4.06,4.12,4.01,4.06,144410
2015-07-10,4.12,4.17,4.06,4.12,230940
2015-07-13,4.12,4.17,4.01,4.06,172310
2015-07-14,4.06,4.06,3.96,4.06,168490
2015-07-15,4.01,4.06,3.9,4.01,71010
2015-07-16,3.96,4.01,3.9,3.96,99580
2015-07-17,4.01,4.01,3.9,3.96,133270
2015-07-20,3.96,3.96,3.85,3.9,141360
2015-07-21,3.96,3.96,3.79,3.79,156120
2015-07-22,3.74,3.9,3.74,3.85,125930
2015-07-23,3.96,4.06,3.9,3.9,407430
2015-07-24,4.01,4.01,3.9,3.9,132080
2015-07-27,3.9,3.96,3.85,3.9,117400
2015-07-28,3.96,4.01,3.85,3.96,201270
2015-07-29,3.9,3.96,3.85,3.85,124560
2015-07-30,3.9,3.96,3.85,3.9,66850
2015-07-31,3.9,4.01,3.9,3.96,272530
2015-08-03,3.96,3.96,3.85,3.96,88520
2015-08-04,3.9,3.96,3.85,3.85,158800
2015-08-05,3.85,4.01,3.85,3.96,174230
2015-08-06,3.96,4.12,3.96,4.06,343340
2015-08-07,4.01,4.06,4.01,4.06,109550
2015-08-10,4.06,4.06,4.01,4.01,150080
2015-08-11,4.01,4.06,3.9,3.9,186430
2015-08-12,3.9,3.96,3.85,3.96,162350
2015-08-13,3.9,3.9,3.79,3.79,129860
2015-08-14,3.9,3.9,3.74,3.79,270520
2015-08-17,3.79,3.96,3.79,3.79,231770
2015-08-18,3.9,3.9,3.79,3.85,157570
2015-08-19,3.79,3.85,3.79,3.85,134170
2015-08-20,3.85,3.85,3.79,3.85,284080
2015-08-21,3.74,3.79,3.63,3.74,304400
2015-08-24,3.68,3.68,3.52,3.52,225510
2015-08-25,3.3,3.47,3.3,3.3,454760
2015-08-26,3.25,3.47,3.25,3.47,100620
2015-08-27,3.52,3.58,3.41,3.52,151600
2015-08-28,3.47,3.52,3.41,3.47,151530
2015-08-31,3.47,3.52,3.36,3.47,163100
2015-09-01,3.52,3.52,3.41,3.47,118450
2015-09-03,3.41,3.47,3.36,3.47,82840
2015-09-04,3.41,3.58,3.41,3.47,198990
2015-09-07,3.52,3.52,3.41,3.47,67750
2015-09-08,3.41,3.58,3.41,3.52,103700
2015-09-09,3.58,3.58,3.47,3.52,42050
2015-09-10,3.47,3.52,3.41,3.47,82590
2015-09-11,3.47,3.52,3.41,3.41,108390
2015-09-14,3.47,3.47,3.3,3.36,113780
2015-09-15,3.36,3.41,3.3,3.36,148680
2015-09-16,3.36,3.52,3.36,3.47,151830
2015-09-17,3.41,3.52,3.41,3.52,76790
2015-09-18,3.52,3.58,3.47,3.52,215660
2015-09-21,3.52,3.58,3.47,3.52,196210
2015-09-22,3.58,3.58,3.47,3.58,267790
2015-09-23,3.52,3.79,3.47,3.74,1087530
2015-09-24,3.74,3.79,3.68,3.79,392770
2015-09-25,3.79,3.85,3.74,3.85,238430
2015-09-28,3.79,3.79,3.63,3.63,340870
2015-09-29,3.58,3.63,3.41,3.58,337070
2015-09-30,3.52,3.63,3.47,3.58,268800
2015-10-01,3.58,3.58,3.47,3.52,65910
2015-10-02,3.47,3.58,3.47,3.52,119780
2015-10-05,3.58,3.63,3.52,3.58,196990
2015-10-06,3.63,3.68,3.63,3.63,212390
2015-10-07,3.68,3.74,3.68,3.68,156790
2015-10-08,3.68,3.79,3.63,3.68,396310
2015-10-09,3.68,3.74,3.68,3.74,146270
2015-10-12,3.74,3.74,3.63,3.68,189650
2015-10-13,3.68,3.68,3.63,3.68,99580
2015-10-14,3.68,3.68,3.63,3.68,167710
2015-10-15,3.68,3.68,3.63,3.68,124320
2015-10-16,3.74,3.79,3.74,3.79,286430
2015-10-19,3.74,3.79,3.74,3.74,152550
2015-10-20,3.74,3.74,3.63,3.63,218850
2015-10-21,3.63,3.63,3.58,3.63,345510
2015-10-22,3.63,3.68,3.63,3.68,94370
2015-10-23,3.68,3.74,3.63,3.68,72780
2015-10-26,3.68,3.74,3.63,3.68,78370
2015-10-27,3.63,3.68,3.58,3.63,40370
2015-10-28,3.63,3.63,3.58,3.63,102740
2015-10-29,3.63,3.68,3.63,3.63,121630
2015-10-30,3.63,3.63,3.58,3.63,88730
2015-11-02,3.63,3.63,3.52,3.52,107590
2015-11-03,3.52,3.63,3.52,3.63,63880
2015-11-04,3.63,3.68,3.63,3.63,198620
2015-11-05,3.68,3.79,3.68,3.79,395010
2015-11-06,3.79,3.85,3.68,3.68,180380
2015-11-09,3.68,3.9,3.68,3.74,681290
2015-11-10,3.74,3.96,3.68,3.9,697170
2015-11-11,3.9,4.01,3.79,3.85,328650
2015-11-12,3.79,3.85,3.74,3.85,428970
2015-11-13,3.79,3.85,3.79,3.85,248680
2015-11-16,3.68,3.68,3.63,3.63,748900
2015-11-17,3.63,3.63,3.52,3.58,293500
2015-11-18,3.58,3.63,3.58,3.58,119010
2015-11-19,3.58,3.63,3.52,3.58,161420
2015-11-20,3.58,3.63,3.52,3.52,88660
2015-11-23,3.63,3.63,3.52,3.52,147630
2015-11-24,3.58,3.63,3.52,3.63,205700
2015-11-25,3.63,3.63,3.52,3.58,170930
2015-11-26,3.58,3.63,3.47,3.52,201170
2015-11-27,3.52,3.58,3.47,3.52,89230
2015-11-30,3.47,3.47,3.41,3.41,239380
2015-12-01,3.36,3.47,3.36,3.36,55930
2015-12-02,3.47,3.47,3.36,3.41,40200
2015-12-03,3.41,3.47,3.36,3.47,38120
2015-12-04,3.41,3.47,3.36,3.47,63910
2015-12-07,3.41,3.47,3.36,3.47,87930
2015-12-08,3.41,3.41,3.41,3.41,46910
2015-12-09,3.41,3.41,3.36,3.41,39270
2015-12-10,3.36,3.41,3.3,3.36,29890
2015-12-11,3.3,3.36,3.3,3.36,145800
2015-12-14,3.36,3.36,3.25,3.36,37160
2015-12-15,3.3,3.36,3.25,3.36,135610
2015-12-16,3.3,3.36,3.3,3.36,87510
2015-12-17,3.36,3.41,3.3,3.41,162460
2015-12-18,3.41,3.41,3.36,3.36,3120
2015-12-21,3.3,3.36,3.25,3.25,13990
2015-12-22,3.3,3.36,3.25,3.3,9350
2015-12-23,3.36,3.36,3.2,3.2,24820
2015-12-24,3.25,3.36,3.25,3.25,40490
2015-12-25,3.25,3.3,3.2,3.3,29010
2015-12-28,3.3,3.3,3.25,3.25,75820
2015-12-29,3.25,3.3,3.25,3.3,29790
2015-12-30,3.2,3.36,3.2,3.36,61510
2015-12-31,3.36,3.52,3.25,3.52,97330
2016-01-04,3.41,3.41,3.36,3.36,41740
2016-01-05,3.3,3.36,3.25,3.36,43440
2016-01-06,3.36,3.36,3.25,3.36,41050
2016-01-07,3.36,3.41,3.2,3.3,79400
2016-01-08,3.25,3.25,3.14,3.25,118500
2016-01-11,3.2,3.25,3.2,3.2,92220
2016-01-12,3.2,3.25,3.14,3.25,88940
2016-01-13,3.2,3.25,3.14,3.25,24070
2016-01-14,3.25,3.25,3.09,3.25,71320
2016-01-15,3.2,3.25,3.09,3.25,54120
2016-01-18,3.09,3.09,3.03,3.03,115000
2016-01-19,2.98,3.03,2.87,2.98,179250
2016-01-20,2.93,2.93,2.82,2.87,204400
2016-01-21,2.71,2.71,2.71,2.71,97520
2016-01-22,2.55,2.55,2.55,2.55,80300
2016-01-25,2.38,2.65,2.38,2.55,1533660
2016-01-26,2.44,2.55,2.38,2.44,146300
2016-01-27,2.44,2.55,2.38,2.49,777590
2016-01-28,2.49,2.65,2.49,2.65,805680
2016-01-29,2.65,2.71,2.65,2.71,158030
2016-02-01,2.71,2.76,2.6,2.65,473820
2016-02-02,2.6,2.6,2.49,2.49,379340
2016-02-03,2.38,2.49,2.38,2.44,237920
2016-02-04,2.49,2.55,2.49,2.49,124460
2016-02-05,2.49,2.6,2.49,2.6,142720
2016-02-15,2.55,2.65,2.55,2.6,300750
2016-02-16,2.6,2.71,2.6,2.65,262130
2016-02-17,2.65,2.65,2.55,2.55,287600
2016-02-18,2.6,2.65,2.55,2.6,312420
2016-02-19,2.6,2.65,2.55,2.55,380710
2016-02-22,2.6,2.71,2.6,2.65,187190
2016-02-23,2.65,2.71,2.6,2.65,171600
2016-02-24,2.6,2.65,2.6,2.65,278450
2016-02-25,2.65,2.71,2.6,2.6,227080
2016-02-26,2.65,2.71,2.55,2.65,257140
2016-02-29,2.65,2.82,2.65,2.82,863100
2016-03-01,2.93,2.98,2.93,2.98,428140
2016-03-02,3.09,3.14,2.98,2.98,1122810
2016-03-03,2.93,3.09,2.93,3.09,557500
2016-03-04,3.09,3.09,3.03,3.03,307910
2016-03-07,3.03,3.09,2.93,2.93,453560
2016-03-08,2.93,3.09,2.93,3.03,380100
2016-03-09,3.03,3.03,2.93,2.98,350390
2016-03-10,2.98,3.03,2.98,2.98,172020
2016-03-11,2.98,3.03,2.98,2.98,484050
2016-03-14,3.03,3.03,2.93,3.03,197970
2016-03-15,3.03,3.03,2.93,2.93,237440
2016-03-16,2.93,3.03,2.93,2.93,241660
2016-03-17,2.98,3.09,2.98,3.03,297460
2016-03-18,3.09,3.09,2.98,3.03,286330
2016-03-21,3.03,3.03,2.93,2.93,471530
2016-03-22,2.98,3.09,2.93,3.03,390090
2016-03-23,3.03,3.14,3.03,3.14,340480
2016-03-24,3.14,3.14,2.98,2.98,324880
2016-03-25,2.98,3.09,2.98,2.98,392250
2016-03-28,2.98,3.14,2.98,3.14,242180
2016-03-29,3.09,3.2,3.09,3.09,406780
2016-03-30,3.09,3.14,3.03,3.03,295950
2016-03-31,3.03,3.09,3.03,3.03,184540
2016-04-01,3.03,3.03,2.93,2.98,257530
2016-04-04,2.98,3.03,2.93,2.98,164740
2016-04-05,2.98,3.03,2.98,3.03,78630
2016-04-06,2.98,3.03,2.93,3.03,129560
2016-04-07,3.03,3.09,2.98,3.03,134250
2016-04-08,3.03,3.09,2.98,3.03,98970
2016-04-11,2.98,3.2,2.98,3.09,284030
2016-04-12,3.09,3.14,3.03,3.09,281180
2016-04-13,3.03,3.25,3.03,3.25,457130
2016-04-14,3.25,3.36,3.2,3.3,394720
2016-04-15,3.3,3.3,3.2,3.25,185200
2016-04-19,3.2,3.2,3.03,3.03,726120
2016-04-20,2.98,3.03,2.93,2.93,303670
2016-04-21,2.98,3.03,2.98,2.98,243610
2016-04-22,2.98,3.09,2.98,3.03,174810
2016-04-25,3.09,3.14,2.98,2.98,313520
2016-04-26,2.98,3.14,2.98,3.03,386290
2016-04-27,3.09,3.14,3.03,3.03,140050
2016-04-28,3.03,3.14,3.03,3.09,201630
2016-04-29,3.09,3.14,3.03,3.03,190900
2016-05-04,3.14,3.14,3.09,3.14,120320
2016-05-05,3.14,3.14,3.09,3.14,245700
2016-05-06,3.09,3.2,3.09,3.14,311210
2016-05-09,3.14,3.14,3.09,3.09,255930
2016-05-10,3.09,3.14,3.03,3.03,239840
2016-05-11,2.97,3.15,2.97,3.09,104610
2016-05-12,3.15,3.15,3.03,3.03,113930
2016-05-13,3.03,3.09,2.92,3.03,150250
2016-05-16,3.03,3.03,2.97,3.03,135270
2016-05-17,2.97,3.15,2.97,3.03,44590
2016-05-18,3.03,3.09,2.97,2.97,57710
2016-05-19,3.03,3.03,2.92,3.03,75770
2016-05-20,2.97,3.03,2.92,2.92,71680
2016-05-23,2.97,2.97,2.92,2.92,136040
2016-05-24,2.92,2.97,2.92,2.97,93040
2016-05-25,3.03,3.03,2.92,2.92,146750
2016-05-26,2.97,2.97,2.86,2.92,122480
2016-05-27,2.92,2.97,2.86,2.92,86020
2016-05-30,2.92,2.97,2.92,2.92,101320
2016-05-31,2.97,3.09,2.92,3.03,389410
2016-06-01,3.03,3.09,2.97,3.03,108120
2016-06-02,3.03,3.09,2.97,3.09,103490
2016-06-03,3.03,3.09,3.03,3.09,160040
2016-06-06,3.03,3.09,2.97,3.03,234000
2016-06-07,2.97,3.03,2.97,3.03,58580
2016-06-08,3.03,3.09,2.97,3.03,109080
2016-06-09,3.03,3.09,3.03,3.09,116640
2016-06-10,3.09,3.15,3.03,3.03,238530
2016-06-13,3.03,3.09,3.03,3.03,287760
2016-06-14,3.09,3.09,2.97,3.03,34340
2016-06-15,3.03,3.03,2.97,2.97,86650
2016-06-16,2.97,3.03,2.97,3.03,142620
2016-06-17,2.97,3.03,2.92,2.92,39420
2016-06-20,2.92,2.97,2.92,2.97,32860
2016-06-21,2.97,2.97,2.92,2.97,163850
2016-06-22,2.92,2.92,2.86,2.92,98490
2016-06-23,2.92,2.92,2.86,2.92,126690
2016-06-24,2.92,2.92,2.74,2.86,281560
2016-06-27,2.8,2.86,2.68,2.74,93950
2016-06-28,2.68,2.8,2.68,2.74,100880
2016-06-29,2.74,2.92,2.74,2.92,223240
2016-06-30,2.92,2.97,2.86,2.86,68350
2016-07-01,2.86,2.97,2.86,2.97,90980
2016-07-04,2.92,2.97,2.92,2.92,74990
2016-07-05,2.92,2.97,2.86,2.92,244890
2016-07-06,2.86,3.03,2.86,2.97,214620
2016-07-07,2.97,3.03,2.92,2.92,346760
2016-07-08,2.92,2.97,2.86,2.97,200730
2016-07-11,3.03,3.15,2.97,3.09,571370
2016-07-12,3.03,3.09,2.92,2.97,601220
2016-07-13,3.03,3.09,2.97,3.03,298860
2016-07-14,3.03,3.03,2.92,2.97,277950
2016-07-15,2.97,2.97,2.92,2.92,71750
2016-07-18,2.92,3.03,2.92,2.92,140010
2016-07-19,2.97,2.97,2.92,2.97,201190
2016-07-20,2.92,2.92,2.86,2.92,91010
2016-07-21,3.03,3.03,2.86,2.92,327290
2016-07-22,2.86,2.92,2.8,2.86,186080
2016-07-25,2.86,2.86,2.8,2.86,108120
2016-07-26,2.8,2.86,2.74,2.86,117380
2016-07-27,2.86,2.86,2.8,2.8,49980
2016-07-28,2.8,2.86,2.8,2.86,28790
2016-07-29,2.86,2.86,2.8,2.86,43260
2016-08-01,2.8,2.8,2.74,2.74,29380
2016-08-02,2.74,2.8,2.62,2.8,121000
2016-08-03,2.74,2.8,2.68,2.74,15380
2016-08-04,2.74,2.74,2.56,2.56,184090
2016-08-05,2.56,2.56,2.5,2.5,148170
2016-08-08,2.56,2.56,2.56,2.56,21140
2016-08-09,2.56,2.62,2.5,2.62,72950
2016-08-10,2.62,2.8,2.56,2.74,338310
2016-08-11,2.68,2.74,2.68,2.74,90280
2016-08-12,2.68,2.74,2.62,2.68,70330
2016-08-15,2.74,2.74,2.62,2.68,24640
2016-08-16,2.68,2.74,2.68,2.74,157190
2016-08-17,2.68,2.74,2.62,2.68,103370
2016-08-18,2.68,2.8,2.68,2.68,113640
2016-08-19,2.74,2.74,2.68,2.68,26930
2016-08-22,2.74,2.8,2.68,2.74,183600
2016-08-23,2.68,2.74,2.68,2.74,21340
2016-08-24,2.68,2.74,2.68,2.68,23860
2016-08-25,2.68,2.68,2.62,2.68,47700
2016-08-26,2.68,2.74,2.68,2.68,17970
2016-08-29,2.68,2.68,2.62,2.62,49560
2016-08-30,2.62,2.62,2.56,2.62,56100
2016-08-31,2.62,2.74,2.62,2.68,88570
2016-09-01,2.68,2.68,2.62,2.68,40860
2016-09-05,2.68,2.74,2.62,2.74,77910
2016-09-06,2.68,2.74,2.62,2.62,96150
2016-09-07,2.62,2.68,2.62,2.68,75080
2016-09-08,2.68,2.74,2.62,2.74,40400
2016-09-09,2.74,2.74,2.68,2.74,115790
2016-09-12,2.68,2.86,2.67,2.74,175220
2016-09-13,2.8,2.8,2.69,2.74,100830
2016-09-14,2.78,2.93,2.78,2.92,437800
2016-09-15,2.92,3.03,2.92,2.93,233790
2016-09-16,2.96,2.96,2.86,2.91,52840
2016-09-19,2.9,3.09,2.86,2.97,224300
2016-09-20,2.99,3.09,2.98,3.03,188490
2016-09-21,3.03,3.17,3.03,3.09,256600
2016-09-22,3.12,3.31,3.12,3.22,305820
2016-09-23,3.31,3.31,3.21,3.27,111190
2016-09-26,3.28,3.3,3.15,3.24,91410
2016-09-27,3.24,3.41,3.14,3.36,227280
2016-09-28,3.33,3.39,3.27,3.27,83810
2016-09-29,3.21,3.27,3.19,3.19,54080
2016-09-30,3.15,3.34,3.15,3.27,220140
2016-10-03,3.23,3.36,3.23,3.33,68430
2016-10-04,3.33,3.33,3.27,3.28,42230
2016-10-05,3.21,3.33,3.21,3.32,41240
2016-10-06,3.33,3.39,3.21,3.36,71040
2016-10-07,3.39,3.39,3.22,3.27,38210
2016-10-10,3.16,3.45,3.05,3.37,286530
2016-10-11,3.33,3.58,3.28,3.52,313320
2016-10-12,3.45,3.69,3.45,3.61,244240
2016-10-13,3.61,3.76,3.57,3.63,339860
2016-10-14,3.63,3.88,3.51,3.77,799660
2016-10-17,3.81,3.81,3.66,3.71,111890
2016-10-18,3.63,3.71,3.63,3.63,132420
2016-10-19,3.63,3.8,3.6,3.7,349050
2016-10-20,3.7,3.75,3.65,3.69,183940
2016-10-21,3.87,3.92,3.75,3.91,951490
2016-10-24,4.04,4.08,3.91,3.93,395020
2016-10-25,3.99,4.02,3.91,4.0,115370
2016-10-26,3.93,3.96,3.72,3.75,637630
2016-10-27,3.69,3.75,3.57,3.75,132450
2016-10-28,3.75,3.86,3.75,3.85,44440
2016-10-31,3.85,3.85,3.71,3.71,87120
2016-11-01,3.8,3.8,3.71,3.77,57400
2016-11-02,3.77,3.77,3.63,3.63,98710
2016-11-03,3.57,3.74,3.51,3.63,147260
2016-11-04,3.68,3.74,3.53,3.57,41960
2016-11-07,3.61,3.8,3.61,3.75,206750
2016-11-08,3.78,3.86,3.75,3.8,155070
2016-11-09,3.8,3.84,3.63,3.8,94180
2016-11-10,3.75,3.99,3.75,3.96,698610
2016-11-11,3.99,4.02,3.78,3.78,239390
2016-11-14,3.78,3.94,3.78,3.86,61600
2016-11-15,3.78,3.9,3.78,3.87,204660
2016-11-16,3.9,3.9,3.8,3.8,94340
2016-11-17,3.86,3.86,3.7,3.7,171120
2016-11-18,3.7,3.77,3.63,3.63,218480
2016-11-21,3.63,3.64,3.51,3.51,139610
2016-11-22,3.45,3.69,3.45,3.65,67090
2016-11-23,3.58,3.68,3.51,3.63,39470
2016-11-24,3.68,3.68,3.55,3.55,14810
2016-11-25,3.55,3.63,3.54,3.57,39530
2016-11-28,3.51,3.57,3.45,3.56,171030
2016-11-29,3.57,3.58,3.51,3.56,66580
2016-11-30,3.63,3.69,3.45,3.57,86750
2016-12-01,3.56,3.57,3.48,3.57,177260
2016-12-02,3.51,3.52,3.48,3.49,93530
2016-12-05,3.48,3.48,3.36,3.39,112010
2016-12-06,3.39,3.5,3.36,3.36,127640
2016-12-07,3.38,3.43,3.36,3.37,54030
2016-12-08,3.36,3.6,3.36,3.37,39660
2016-12-09,3.48,3.48,3.34,3.34,51340
2016-12-12,3.34,3.36,3.21,3.21,122560
2016-12-13,3.21,3.27,3.16,3.26,78130
2016-12-14,3.33,3.37,3.26,3.27,55740
2016-12-15,3.31,3.42,3.25,3.29,62610
2016-12-16,3.36,3.37,3.3,3.33,49510
2016-12-19,3.39,3.51,3.37,3.5,138810
2016-12-20,3.5,3.5,3.38,3.4,146810
2016-12-21,3.5,3.5,3.42,3.48,57500
2016-12-22,3.45,3.45,3.38,3.39,89730
2016-12-23,3.39,3.44,3.38,3.39,42180
2016-12-26,3.35,3.4,3.35,3.39,20000
2016-12-27,3.39,3.49,3.33,3.33,99900
2016-12-28,3.3,3.39,3.27,3.33,132620
2016-12-29,3.34,3.38,3.29,3.29,33120
2016-12-30,3.37,3.38,3.15,3.15,89640
2017-01-03,3.27,3.33,3.15,3.33,49790
2017-01-04,3.38,3.38,3.28,3.3,159730
2017-01-05,3.34,3.38,3.25,3.3,68400
2017-01-06,3.33,3.53,3.33,3.5,178830
2017-01-09,3.56,3.62,3.45,3.55,87340
2017-01-10,3.56,3.57,3.53,3.56,79160
2017-01-11,3.56,3.57,3.51,3.56,53670
2017-01-12,3.53,3.56,3.51,3.51,64230
2017-01-13,3.46,3.67,3.45,3.47,70300
2017-01-16,3.47,3.52,3.46,3.46,28720
2017-01-17,3.54,3.56,3.46,3.46,97130
2017-01-18,3.51,3.51,3.46,3.46,54000
2017-01-19,3.36,3.5,3.36,3.39,53010
2017-01-20,3.4,3.49,3.37,3.48,91980
2017-01-23,3.47,3.48,3.36,3.48,92290
2017-01-24,3.47,3.48,3.36,3.47,283140
2017-01-25,3.47,3.63,3.43,3.46,45120
2017-02-02,3.56,3.57,3.46,3.51,68510
2017-02-03,3.51,3.51,3.46,3.5,36210
2017-02-06,3.48,3.51,3.45,3.5,88290
2017-02-07,3.47,3.5,3.47,3.47,74710
2017-02-08,3.47,3.51,3.45,3.5,51970
2017-02-09,3.5,3.5,3.39,3.43,135050
2017-02-10,3.45,3.45,3.39,3.42,87600
2017-02-13,3.43,3.45,3.37,3.42,171180
2017-02-14,3.42,3.54,3.4,3.53,300660
2017-02-15,3.53,3.53,3.44,3.44,47320
2017-02-16,3.39,3.47,3.39,3.45,162700
2017-02-17,3.5,3.5,3.4,3.43,28860
2017-02-20,3.4,3.49,3.4,3.47,66080
2017-02-21,3.51,3.57,3.5,3.51,155530
2017-02-22,3.55,3.55,3.46,3.47,69350
2017-02-23,3.54,3.68,3.52,3.63,280920
2017-02-24,3.65,3.73,3.63,3.63,113370
2017-02-27,3.68,3.68,3.54,3.57,35260
2017-02-28,3.51,3.61,3.51,3.51,179670
2017-03-01,3.56,3.56,3.47,3.51,107060
2017-03-02,3.51,3.51,3.47,3.48,43850
2017-03-03,3.45,3.53,3.45,3.46,65900
2017-03-06,3.46,3.47,3.42,3.46,84440
2017-03-07,3.46,3.59,3.46,3.5,238140
2017-03-08,3.5,3.54,3.47,3.49,96260
2017-03-09,3.54,3.55,3.51,3.51,78250
2017-03-10,3.41,3.54,3.39,3.51,38480
2017-03-13,3.51,3.52,3.46,3.5,53880
2017-03-14,3.51,3.54,3.5,3.51,84000
2017-03-15,3.51,3.52,3.49,3.5,191620
2017-03-16,3.45,3.53,3.45,3.5,70360
2017-03-17,3.52,3.52,3.49,3.5,125130
2017-03-20,3.51,3.51,3.48,3.49,66620
2017-03-21,3.51,3.57,3.49,3.51,61700
2017-03-22,3.56,3.56,3.46,3.46,93070
2017-03-23,3.53,3.53,3.46,3.5,50380
2017-03-24,3.5,3.51,3.47,3.5,21670
2017-03-27,3.46,3.49,3.34,3.49,56960
2017-03-28,3.45,3.47,3.42,3.43,80210
2017-03-29,3.43,3.44,3.39,3.43,90670
2017-03-30,3.39,3.41,3.37,3.37,176610
2017-03-31,3.48,3.48,3.28,3.28,148830
2017-04-03,3.33,3.39,3.29,3.36,67930
2017-04-04,3.4,3.4,3.33,3.36,82600
2017-04-05,3.35,3.36,3.3,3.33,90760
2017-04-07,3.31,3.33,3.21,3.27,103510
2017-04-10,3.27,3.38,3.27,3.28,66470
2017-04-11,3.33,3.33,3.23,3.31,40000
2017-04-12,3.31,3.33,3.21,3.24,46920
2017-04-13,3.24,3.27,3.24,3.24,64420
2017-04-14,3.21,3.24,3.12,3.2,149430
2017-04-17,3.24,3.24,3.09,3.09,160020
2017-04-18,3.16,3.16,3.09,3.11,50420
2017-04-19,3.11,3.16,2.92,3.05,159900
2017-04-20,3.05,3.11,2.93,3.11,282770
2017-04-21,3.11,3.11,3.03,3.11,169670
2017-04-24,3.06,3.09,3.05,3.09,580160
2017-04-25,3.09,3.12,3.08,3.11,106100
2017-04-26,3.11,3.18,3.09,3.09,14760
2017-04-27,3.09,3.09,2.97,3.03,187660
2017-04-28,3.03,3.08,3.02,3.08,85540
2017-05-03,3.09,3.18,3.06,3.06,105000
2017-05-04,3.06,3.14,3.06,3.09,133830
2017-05-05,3.12,3.14,3.06,3.1,63310
2017-05-08,3.09,3.27,3.09,3.18,182220
2017-05-09,3.15,3.21,3.12,3.21,101670
2017-05-10,3.16,3.24,3.15,3.21,109120
2017-05-11,3.21,3.21,3.15,3.16,117390
2017-05-12,3.21,3.38,3.21,3.38,596650
2017-05-15,3.45,3.47,3.38,3.44,364870
2017-05-16,3.44,3.47,3.39,3.4,180450
2017-05-17,3.4,3.4,3.36,3.38,241060
2017-05-18,3.31,3.4,3.26,3.27,234950
2017-05-19,3.26,3.33,3.26,3.32,55310
2017-05-22,3.27,3.32,3.26,3.29,89450
2017-05-23,3.26,3.27,3.18,3.22,146550
2017-05-24,3.26,3.26,3.2,3.22,52710
2017-05-25,3.25,3.33,3.25,3.26,73850
2017-05-26,3.24,3.26,3.19,3.24,94150
2017-05-29,3.23,3.24,3.2,3.24,83350
2017-05-30,3.21,3.28,3.2,3.24,113730
2017-05-31,3.26,3.26,3.19,3.2,113440
2017-06-01,3.19,3.22,3.16,3.16,41990
2017-06-02,3.2,3.36,3.2,3.35,643170
2017-06-05,3.33,3.34,3.27,3.29,270600
2017-06-06,3.26,3.47,3.26,3.41,509170
2017-06-07,3.41,3.64,3.41,3.64,1041620
2017-06-08,3.78,3.89,3.72,3.89,1110000
2017-06-09,3.96,4.16,3.8,3.85,730910
2017-06-12,3.78,3.82,3.65,3.69,693970
2017-06-13,3.66,3.71,3.53,3.66,443420
2017-06-14,3.78,3.78,3.54,3.67,206450
2017-06-15,3.61,3.73,3.61,3.63,200110
2017-06-16,3.71,3.71,3.57,3.59,186940
2017-06-19,3.59,3.65,3.52,3.56,198610
2017-06-20,3.53,3.59,3.52,3.52,274790
2017-06-21,3.52,3.56,3.49,3.49,128260
2017-06-22,3.52,3.72,3.49,3.72,280380
2017-06-23,3.77,3.89,3.67,3.79,378160
2017-06-26,3.79,3.84,3.75,3.77,291660
2017-06-27,3.76,3.78,3.59,3.72,194050
2017-06-28,3.72,3.72,3.63,3.69,216660
2017-06-29,3.69,3.75,3.69,3.69,93980
2017-06-30,3.69,3.72,3.66,3.69,108720
2017-07-03,3.69,3.69,3.61,3.65,198090
2017-07-04,3.72,3.72,3.61,3.61,92950
2017-07-05,3.65,3.75,3.61,3.71,134260
2017-07-06,3.74,3.74,3.65,3.65,150940
2017-07-07,3.66,3.78,3.65,3.72,222630
2017-07-10,3.72,3.74,3.59,3.71,212240
2017-07-11,3.71,3.71,3.59,3.65,190290
2017-07-12,3.65,3.65,3.59,3.64,98060
2017-07-13,3.59,3.82,3.59,3.64,35060
2017-07-14,3.63,3.64,3.59,3.6,245750
2017-07-17,3.62,3.65,3.59,3.62,107470
2017-07-18,3.62,3.63,3.56,3.61,51400
2017-07-19,3.61,3.64,3.56,3.61,25100
2017-07-20,3.56,3.59,3.46,3.56,188420
2017-07-21,3.59,3.81,3.59,3.81,796250
2017-07-24,4.07,4.07,4.07,4.07,680900
2017-07-25,4.35,4.35,4.35,4.35,373710
2017-07-26,4.65,4.65,4.65,4.65,194050
2017-07-27,4.97,4.97,4.97,4.97,151420
2017-07-28,5.32,5.32,4.84,4.99,3961050
2017-07-31,4.96,4.99,4.64,4.64,1616360
2017-08-01,4.64,4.96,4.63,4.96,1661360
2017-08-02,5.08,5.31,4.89,5.31,1777750
2017-08-03,5.48,5.68,5.48,5.68,1291500
2017-08-04,6.07,6.07,5.74,5.74,1924380
2017-08-07,5.74,5.87,5.38,5.41,1429510
2017-08-08,5.05,5.41,5.04,5.08,2204420
2017-08-09,4.97,5.02,4.73,4.83,1549140
2017-08-10,4.7,5.14,4.7,4.95,647550
2017-08-11,4.95,4.95,4.7,4.72,580440
2017-08-14,4.83,5.02,4.74,4.87,419750
2017-08-15,4.7,4.99,4.7,4.83,297750
2017-08-16,4.83,4.94,4.74,4.88,348420
2017-08-17,4.83,4.89,4.7,4.7,303970
2017-08-18,4.57,4.79,4.57,4.78,136640
2017-08-21,4.81,4.81,4.6,4.6,339180
2017-08-22,4.6,4.76,4.6,4.7,641500
2017-08-23,4.73,4.73,4.57,4.68,205300
2017-08-24,4.63,4.7,4.59,4.66,306190
2017-08-25,4.61,4.7,4.57,4.66,465430
2017-08-28,4.6,4.63,4.57,4.58,450430
2017-08-29,4.58,4.63,4.41,4.57,621570
2017-08-30,4.43,4.61,4.43,4.44,204320
2017-08-31,4.44,4.5,4.44,4.47,150040
2017-09-01,4.5,4.69,4.47,4.66,466180
2017-09-05,4.75,4.75,4.63,4.66,289150
2017-09-06,4.64,4.72,4.57,4.69,172940
2017-09-07,4.68,4.68,4.61,4.61,221610
2017-09-08,4.6,4.65,4.59,4.63,151460
2017-09-11,4.63,4.65,4.44,4.51,421260
2017-09-12,4.45,4.57,4.45,4.57,104150
2017-09-13,4.53,4.63,4.53,4.62,97290
2017-09-14,4.63,4.94,4.58,4.94,1070150
2017-09-15,5.02,5.22,4.96,4.96,921390
2017-09-18,5.02,5.15,4.96,5.08,547520
2017-09-19,5.02,5.22,4.94,5.09,639410
2017-09-20,5.03,5.09,5.0,5.04,391380
2017-09-21,5.02,5.39,5.01,5.34,733340
2017-09-22,5.38,5.38,5.22,5.32,551310
2017-09-25,5.18,5.34,5.12,5.12,429240
2017-09-26,5.09,5.15,4.97,5.02,423620
2017-09-27,5.02,5.08,4.96,5.06,130340
2017-09-28,5.06,5.09,5.0,5.06,131670
2017-09-29,5.02,5.02,4.93,4.96,378950
2017-10-02,4.99,4.99,4.83,4.91,94640
2017-10-03,4.93,4.95,4.6,4.79,512980
2017-10-04,4.79,4.9,4.76,4.89,195640
2017-10-05,4.89,4.93,4.83,4.89,104420
2017-10-06,4.89,5.04,4.89,5.01,304490
2017-10-09,5.05,5.17,4.93,5.11,171850
2017-10-10,5.06,5.11,5.01,5.08,138850
2017-10-11,5.09,5.09,5.01,5.08,118510
2017-10-12,5.08,5.09,4.93,5.06,108900
2017-10-13,5.1,5.1,4.96,5.02,223410
2017-10-16,4.96,5.07,4.96,4.96,114040
2017-10-17,5.01,5.02,4.94,4.99,175770
2017-10-18,4.99,5.19,4.96,5.17,392830
2017-10-19,5.16,5.43,5.14,5.28,445040
2017-10-20,5.34,5.34,5.11,5.22,579040
2017-10-23,4.86,4.89,4.85,4.85,265100
2017-10-24,4.51,4.7,4.51,4.51,1839700
2017-10-25,4.42,4.51,4.2,4.21,2207020
2017-10-26,4.21,4.5,4.21,4.37,535310
2017-10-27,4.42,4.42,4.18,4.24,251300
2017-10-30,4.17,4.24,3.98,3.98,355580
2017-10-31,3.91,4.1,3.83,3.97,357950
2017-11-01,3.97,4.1,3.97,3.97,407480
2017-11-02,3.98,4.07,3.98,4.01,304590
2017-11-03,4.02,4.04,3.96,3.97,256200
2017-11-06,4.04,4.11,3.97,4.06,191880
2017-11-07,4.06,4.18,4.06,4.14,273400
2017-11-08,4.16,4.17,4.11,4.14,132660
2017-11-09,4.11,4.17,4.06,4.06,101890
2017-11-10,4.11,4.14,4.04,4.07,146640
2017-11-13,4.01,4.13,4.01,4.13,410160
2017-11-14,4.14,4.18,4.06,4.15,171860
2017-11-15,4.02,4.17,4.02,4.11,42730
2017-11-16,4.06,4.13,4.04,4.12,159090
2017-11-17,4.11,4.16,4.05,4.11,288010
2017-11-20,4.11,4.11,4.04,4.05,69820
2017-11-21,4.1,4.1,4.01,4.05,161990
2017-11-22,4.08,4.08,3.98,4.02,142000
2017-11-23,4.08,4.08,4.02,4.04,502330
2017-11-24,4.01,4.04,3.98,4.04,175730
2017-11-27,4.04,4.23,4.04,4.17,578090
2017-11-28,4.3,4.33,4.17,4.21,418760
2017-11-29,4.21,4.34,4.12,4.12,362540
2017-11-30,4.23,4.23,4.11,4.12,384110
2017-12-01,4.11,4.25,4.11,4.21,674200
2017-12-04,4.24,4.31,4.17,4.24,369830
2017-12-05,4.24,4.27,4.19,4.21,284880
2017-12-06,4.21,4.21,4.08,4.1,270560
2017-12-07,4.1,4.2,4.1,4.14,104350
2017-12-08,4.17,4.17,4.04,4.1,98350
2017-12-11,4.05,4.1,4.04,4.04,189510
2017-12-12,4.01,4.08,3.95,3.98,242220
2017-12-13,4.01,4.03,3.93,4.01,110110
2017-12-14,4.04,4.08,3.97,4.04,95390
2017-12-15,4.04,4.14,4.03,4.08,118320
2017-12-18,4.11,4.12,4.04,4.1,264630
2017-12-19,4.1,4.14,4.03,4.09,99270
2017-12-20,4.09,4.17,4.04,4.1,268580
2017-12-21,4.17,4.17,4.08,4.1,158870
2017-12-22,4.1,4.1,4.04,4.08,93330
2017-12-25,4.1,4.1,4.04,4.06,68240
2017-12-26,3.99,4.08,3.91,4.04,119150
2017-12-27,4.08,4.09,3.99,4.04,126780
2017-12-28,4.1,4.1,4.04,4.06,114100
2017-12-29,4.08,4.1,4.04,4.06,147740
2018-01-02,4.1,4.1,4.05,4.05,124780
2018-01-03,4.05,4.08,4.05,4.05,143630
2018-01-04,4.06,4.06,3.91,3.98,288980
2018-01-05,3.96,3.98,3.84,3.88,210440
2018-01-08,3.88,3.98,3.88,3.91,130940
2018-01-09,3.88,3.91,3.84,3.84,206960
2018-01-10,3.91,3.98,3.91,3.91,145060
2018-01-11,3.97,4.01,3.91,4.01,132440
2018-01-12,4.01,4.07,3.96,3.99,208690
2018-01-15,3.98,4.03,3.91,3.98,134990
2018-01-16,3.98,3.98,3.91,3.93,199070
2018-01-17,3.97,4.01,3.86,3.94,238340
2018-01-18,3.87,3.94,3.87,3.93,155540
2018-01-19,3.98,4.01,3.93,3.93,181010
2018-01-22,3.93,3.93,3.91,3.91,345870
2018-01-23,3.91,3.91,3.91,3.91,0
2018-01-24,3.91,3.91,3.91,3.91,0
2018-01-25,3.91,3.91,3.81,3.89,708040
2018-01-26,3.82,3.98,3.82,3.97,95730
2018-01-29,3.95,4.0,3.89,3.91,233430
2018-01-30,3.96,3.96,3.88,3.94,164760
2018-01-31,3.88,3.91,3.85,3.85,216390
2018-02-01,3.85,3.85,3.77,3.77,219880
2018-02-02,3.7,3.81,3.7,3.78,157430
2018-02-05,3.66,3.78,3.66,3.72,155650
2018-02-06,3.65,3.65,3.46,3.59,369020
2018-02-07,3.56,3.8,3.56,3.66,77180
2018-02-08,3.69,3.69,3.55,3.65,45450
2018-02-09,3.59,3.63,3.52,3.6,134610
2018-02-12,3.68,3.71,3.56,3.65,69340
2018-02-13,3.65,3.65,3.6,3.64,86690
2018-02-21,3.71,3.71,3.64,3.7,63390
2018-02-22,3.71,3.72,3.63,3.68,145320
2018-02-23,3.69,3.69,3.62,3.68,132250
2018-02-26,3.64,3.69,3.59,3.65,78310
2018-02-27,3.66,3.66,3.59,3.61,85310
2018-02-28,3.61,3.66,3.59,3.59,177120
2018-03-01,3.59,3.65,3.59,3.59,92230
2018-03-02,3.65,3.65,3.56,3.56,35080
2018-03-05,3.59,3.63,3.57,3.57,151600
2018-03-06,3.53,3.61,3.52,3.59,64040
2018-03-07,3.61,3.66,3.59,3.65,41510
2018-03-08,3.67,3.67,3.59,3.63,45050
2018-03-09,3.63,3.63,3.59,3.63,27050
2018-03-12,3.61,3.64,3.56,3.63,110780
2018-03-13,3.63,3.77,3.63,3.76,94290
2018-03-14,3.75,3.78,3.75,3.76,64270
2018-03-15,3.67,3.72,3.66,3.72,52940
2018-03-16,3.72,3.75,3.67,3.74,117270
2018-03-19,3.69,3.74,3.69,3.74,59730
2018-03-20,3.74,3.74,3.71,3.73,78150
2018-03-21,3.67,3.73,3.63,3.63,139080
2018-03-22,3.69,3.71,3.69,3.71,38840
2018-03-23,3.66,3.68,3.59,3.68,154600
2018-03-26,3.7,3.7,3.63,3.68,162730
2018-03-27,3.66,3.71,3.65,3.68,74180
2018-03-28,3.69,3.72,3.66,3.69,39310
2018-03-29,3.71,3.71,3.65,3.65,55500
2018-03-30,3.69,3.76,3.63,3.69,99830
2018-04-02,3.71,3.71,3.67,3.69,66870
2018-04-03,3.69,3.69,3.63,3.65,68530
2018-04-04,3.71,3.71,3.62,3.67,61920
2018-04-05,3.71,3.72,3.63,3.72,81360
2018-04-06,3.7,3.91,3.7,3.89,284370
2018-04-09,3.98,4.07,3.89,3.89,251380
2018-04-10,3.89,4.06,3.85,3.97,170420
2018-04-11,3.91,3.91,3.7,3.84,264770
2018-04-12,3.72,3.83,3.72,3.78,46960
2018-04-13,3.85,3.98,3.76,3.76,127810
2018-04-16,3.9,3.9,3.76,3.85,26100
2018-04-17,3.85,3.85,3.72,3.78,38450
2018-04-18,3.91,3.91,3.72,3.78,55290
2018-04-19,3.78,3.78,3.69,3.74,138010
2018-04-20,3.62,3.78,3.62,3.78,104900
2018-04-23,3.85,3.85,3.71,3.72,193940
2018-04-24,3.71,3.77,3.67,3.72,95890
2018-04-26,3.74,3.74,3.65,3.65,165070
2018-04-27,3.62,3.65,3.59,3.65,129750
2018-05-02,3.62,3.69,3.62,3.63,10660
2018-05-03,3.68,3.68,3.62,3.65,107070
2018-05-04,3.65,3.78,3.63,3.73,101910
2018-05-07,3.78,3.85,3.76,3.82,31500
2018-05-08,3.85,3.85,3.74,3.74,92720
2018-05-09,3.74,3.82,3.74,3.76,47390
2018-05-10,3.78,3.81,3.75,3.77,115820
2018-05-11,3.76,3.82,3.76,3.8,259040
2018-05-14,3.82,3.87,3.79,3.79,23620
2018-05-15,3.79,3.82,3.78,3.79,43380
2018-05-16,3.79,3.93,3.78,3.93,206500
2018-05-17,4.06,4.07,3.98,3.98,188580
2018-05-18,3.98,4.02,3.93,4.0,77560
2018-05-21,4.0,4.02,3.98,3.99,99110
2018-05-22,3.99,3.99,3.96,3.96,130810
2018-05-23,3.96,4.02,3.84,3.97,105660
2018-05-24,4.02,4.06,3.97,4.06,158380
2018-05-25,4.06,4.33,4.06,4.15,640790
2018-05-28,4.42,4.43,4.28,4.43,614380
2018-05-29,4.55,4.74,4.55,4.74,322610
2018-05-30,5.07,5.07,4.7,4.84,871380
2018-05-31,4.62,4.77,4.5,4.66,343130
2018-06-01,4.49,4.55,4.45,4.55,268480
2018-06-04,4.55,4.87,4.55,4.87,419370
2018-06-05,4.91,5.2,4.91,5.19,690580
2018-06-06,5.23,5.54,5.19,5.48,375940
2018-06-07,5.41,5.41,5.16,5.26,161230
2018-06-08,5.26,5.54,5.19,5.54,354820
2018-06-11,5.34,5.54,5.2,5.2,190680
2018-06-12,5.03,5.12,5.03,5.05,143810
2018-06-13,5.09,5.09,4.84,4.91,144480
2018-06-14,4.98,5.19,4.98,5.14,99360
2018-06-15,5.12,5.34,5.05,5.19,101630
2018-06-18,5.19,5.19,4.83,5.16,574760
2018-06-19,4.98,5.12,4.8,4.8,363330
2018-06-20,4.98,5.09,4.84,5.09,115770
2018-06-21,4.84,5.12,4.74,5.12,25950
2018-06-22,4.8,5.09,4.79,5.09,2680
2018-06-25,4.77,5.12,4.77,4.78,17840
2018-06-26,4.62,4.77,4.62,4.62,46300
2018-06-27,4.84,4.84,4.3,4.3,41290
2018-06-28,4.52,4.52,4.41,4.47,38380
2018-06-29,4.41,4.47,4.27,4.47,3910
2018-07-02,4.47,4.47,4.34,4.45,7750
2018-07-03,4.2,4.39,4.14,4.14,77080
2018-07-04,4.34,4.43,3.93,3.94,70440
2018-07-05,3.84,4.2,3.74,4.05,36800
2018-07-06,3.98,4.33,3.98,4.33,13840
2018-07-09,4.27,4.27,4.2,4.23,10550
2018-07-10,4.01,4.27,4.0,4.0,29020
2018-07-11,3.92,4.0,3.75,4.0,17290
2018-07-12,4.04,4.05,4.0,4.05,2030
2018-07-13,3.88,4.13,3.83,4.13,53360
2018-07-16,4.27,4.27,3.95,3.95,17810
2018-07-17,4.19,4.22,4.19,4.2,12660
2018-07-18,4.06,4.2,3.98,4.19,58330
2018-07-19,4.0,4.18,4.0,4.18,1140
2018-07-20,4.09,4.18,4.09,4.18,10710
2018-07-23,4.18,4.19,4.18,4.18,34780
2018-07-24,4.06,4.09,3.99,4.0,61310
2018-07-25,4.0,4.12,3.96,4.11,36290
2018-07-26,4.09,4.11,3.98,4.11,10620
2018-07-27,4.13,4.25,4.08,4.24,83010
2018-07-30,4.24,4.27,4.23,4.23,26710
2018-07-31,4.27,4.27,4.15,4.25,19270
2018-08-01,4.25,4.31,4.25,4.27,73570
2018-08-02,4.28,4.28,4.27,4.27,16160
2018-08-03,4.27,4.34,4.27,4.33,28130
2018-08-06,4.33,4.33,4.23,4.33,13040
2018-08-07,4.3,4.31,4.2,4.31,40020
2018-08-08,4.3,4.3,4.16,4.27,2190
2018-08-09,4.26,4.3,4.2,4.3,18800
2018-08-10,4.16,4.3,4.06,4.3,18820
2018-08-13,4.27,4.38,4.27,4.34,7840
2018-08-14,4.41,4.41,4.27,4.27,173810
2018-08-15,4.33,4.33,4.27,4.32,6450
2018-08-16,4.21,4.3,4.21,4.23,22090
2018-08-17,4.3,4.3,4.2,4.22,74050
2018-08-20,4.23,4.29,4.23,4.23,35170
2018-08-21,4.52,4.52,4.52,4.52,77440
2018-08-22,4.83,4.83,4.83,4.83,21760
2018-08-23,5.17,5.17,5.17,5.17,38160
2018-08-24,5.52,5.52,5.52,5.52,43610
2018-08-27,5.91,5.91,5.41,5.8,984790
2018-08-28,5.76,5.8,5.39,5.66,374920
2018-08-29,5.67,5.98,5.61,5.8,203660
2018-08-30,5.7,5.87,5.55,5.79,400110
2018-08-31,5.82,5.82,5.69,5.73,283420
2018-09-04,5.69,5.73,5.34,5.54,96020
2018-09-05,5.34,5.83,5.34,5.73,204700
2018-09-06,5.73,6.05,5.73,5.98,588110
2018-09-07,6.08,6.08,5.83,5.91,278900
2018-09-10,5.91,6.05,5.52,5.77,330080
2018-09-11,5.56,5.8,5.55,5.66,124360
2018-09-12,5.68,5.69,5.55,5.67,148410
2018-09-13,5.87,5.91,5.55,5.91,171400
2018-09-14,5.91,6.01,5.85,6.01,129780
2018-09-17,6.03,6.03,5.79,5.79,157090
2018-09-18,5.88,5.88,5.63,5.83,95940
2018-09-19,5.91,5.91,5.83,5.9,200880
2018-09-20,5.9,6.3,5.78,6.3,529810
2018-09-21,6.4,6.4,5.94,6.32,468780
2018-09-24,6.11,6.4,5.94,6.33,451190
2018-09-25,6.19,6.64,6.05,6.64,1886720
2018-09-26,6.42,6.64,6.33,6.33,483300
2018-09-27,6.07,6.22,5.9,5.98,306520
2018-09-28,6.05,6.05,5.66,5.66,314430
2018-10-01,5.58,5.8,5.51,5.51,108160
2018-10-02,5.51,5.51,5.13,5.13,584620
2018-10-03,5.13,5.19,4.99,5.17,44520
2018-10-04,5.19,5.23,5.14,5.2,50280
2018-10-05,5.25,5.25,5.12,5.16,45550
2018-10-08,5.19,5.19,4.91,4.98,101770
2018-10-09,4.98,4.98,4.77,4.94,54540
2018-10-10,4.94,4.94,4.77,4.9,57730
2018-10-11,4.66,4.7,4.56,4.56,248890
2018-10-12,4.41,4.62,4.41,4.62,39250
2018-10-15,4.62,4.66,4.34,4.49,31340
2018-10-16,4.55,4.55,4.2,4.27,280940
2018-10-17,4.43,4.45,4.27,4.34,27780
2018-10-18,4.34,4.42,4.06,4.34,154780
2018-10-19,4.34,4.34,4.13,4.26,50550
2018-10-22,4.3,4.33,4.25,4.3,71830
2018-10-23,4.3,4.3,4.13,4.19,44020
2018-10-24,4.19,4.27,4.13,4.13,78380
2018-10-25,3.88,4.2,3.88,4.19,89040
2018-10-26,4.03,4.3,4.03,4.25,38900
2018-10-29,4.06,4.25,4.06,4.18,12950
2018-10-30,4.23,4.23,4.13,4.2,57960
2018-10-31,4.27,4.3,4.2,4.3,79920
2018-11-01,4.37,4.37,4.25,4.33,28720
2018-11-02,4.33,4.4,4.27,4.4,34910
2018-11-05,4.33,4.4,4.27,4.28,22080
2018-11-06,4.37,4.37,4.28,4.33,22590
2018-11-07,4.34,4.37,4.3,4.33,7400
2018-11-08,4.37,4.4,4.33,4.38,24790
2018-11-09,4.31,4.38,4.29,4.37,17550
2018-11-12,4.28,4.35,4.27,4.35,20310
2018-11-13,4.34,4.34,4.15,4.3,28010
2018-11-14,4.3,4.38,4.24,4.28,38760
2018-11-15,4.3,4.3,4.24,4.28,11610
2018-11-16,4.3,4.3,4.28,4.29,7270
2018-11-19,4.29,4.34,4.27,4.29,69100
2018-11-20,4.34,4.59,4.34,4.59,118110
2018-11-21,4.91,4.91,4.84,4.91,235790
2018-11-22,5.24,5.24,4.98,5.12,236910
2018-11-23,4.77,5.11,4.77,5.04,53450
2018-11-26,4.77,5.04,4.77,4.92,65230
2018-11-27,4.77,4.92,4.77,4.81,123840
2018-11-28,4.72,4.98,4.72,4.98,74600
2018-11-29,5.04,5.33,4.98,5.23,368570
2018-11-30,5.26,5.34,5.19,5.19,43200
2018-12-03,5.26,5.26,5.16,5.26,67360
2018-12-04,5.16,5.23,5.07,5.16,74220
2018-12-05,5.24,5.28,5.08,5.21,333180
2018-12-06,5.27,5.27,5.09,5.09,47450
2018-12-07,5.19,5.19,5.07,5.07,88590
2018-12-10,4.99,5.15,4.99,5.11,17480
2018-12-11,5.18,5.18,5.04,5.07,71940
2018-12-12,5.02,5.11,5.02,5.09,32910
2018-12-13,5.07,5.16,5.07,5.09,79200
2018-12-14,5.12,5.14,5.1,5.12,64460
2018-12-17,5.09,5.14,5.09,5.09,74820
2018-12-18,5.05,5.12,5.05,5.1,50360
2018-12-19,5.18,5.18,5.06,5.06,96430
2018-12-20,5.09,5.16,5.06,5.14,45760
2018-12-21,5.12,5.14,4.98,5.1,301820
2018-12-24,5.1,5.1,4.97,5.08,16320
2018-12-25,4.91,5.07,4.87,4.87,60910
2018-12-26,4.86,5.12,4.86,4.87,31250
2018-12-27,4.98,5.05,4.88,4.98,12040
2018-12-28,4.87,4.97,4.8,4.8,34480
2019-01-02,4.98,5.05,4.77,4.77,113200
2019-01-03,4.88,4.88,4.77,4.88,50020
2019-01-04,4.7,4.77,4.62,4.76,273210
2019-01-07,4.73,4.77,4.73,4.75,16850
2019-01-08,4.62,4.8,4.48,4.8,252970
2019-01-09,4.84,4.84,4.82,4.82,2950
2019-01-10,4.77,4.82,4.77,4.82,6010
2019-01-11,4.88,4.88,4.88,4.88,3010
2019-01-14,4.91,4.91,4.88,4.91,6520
2019-01-15,4.84,4.89,4.66,4.66,4000
2019-01-16,4.8,4.91,4.67,4.67,7540
2019-01-17,4.67,4.75,4.62,4.75,10120
2019-01-18,4.64,4.83,4.63,4.77,46300
2019-01-21,4.98,4.98,4.94,4.94,14900
2019-01-22,4.98,4.98,4.84,4.98,13060
2019-01-23,4.91,4.98,4.84,4.93,13350
2019-01-24,5.18,5.18,4.98,4.98,140
2019-01-25,4.97,4.97,4.79,4.97,36140
2019-01-28,5.05,5.19,4.78,4.78,14380
2019-01-29,4.88,4.88,4.63,4.84,31610
2019-01-30,4.63,4.89,4.62,4.66,5030
2019-01-31,4.84,4.84,4.62,4.65,21440
2019-02-01,4.72,4.72,4.7,4.72,1070
2019-02-11,4.63,4.82,4.63,4.81,21660
2019-02-12,4.84,4.98,4.84,4.91,31830
2019-02-13,4.91,4.91,4.77,4.91,7520
2019-02-14,4.84,4.92,4.78,4.78,42540
2019-02-15,4.78,4.84,4.77,4.82,10210
2019-02-18,4.9,4.9,4.77,4.89,40720
2019-02-19,4.87,4.91,4.84,4.88,21160
2019-02-20,4.87,4.88,4.77,4.88,59010
2019-02-21,4.91,4.98,4.87,4.91,21790
2019-02-22,4.84,4.97,4.84,4.97,41110
2019-02-25,4.98,5.26,4.87,5.26,156150
2019-02-26,5.26,5.26,5.05,5.25,81350
2019-02-27,5.26,5.26,5.09,5.24,39960
2019-02-28,5.12,5.55,5.12,5.54,330450
2019-03-01,5.34,5.54,5.34,5.51,29670
2019-03-04,5.54,5.54,5.34,5.47,10100
2019-03-05,5.48,5.48,5.13,5.41,54700
2019-03-06,5.2,5.4,5.15,5.33,54540
2019-03-07,5.32,5.4,5.3,5.3,35530
2019-03-08,5.24,5.34,5.24,5.34,29270
2019-03-11,5.34,5.44,5.24,5.43,223300
2019-03-12,5.34,5.43,5.26,5.39,40650
2019-03-13,5.31,5.48,5.3,5.3,23150
2019-03-14,5.3,5.41,5.29,5.31,15590
2019-03-15,5.4,5.4,5.24,5.24,3440
2019-03-18,5.34,5.48,5.24,5.33,67580
2019-03-19,5.34,5.34,5.26,5.33,158130
2019-03-20,5.27,5.33,5.27,5.28,11690
2019-03-21,5.28,5.32,5.23,5.24,203950
2019-03-22,5.26,5.3,5.23,5.3,170440
2019-03-25,5.26,5.3,5.24,5.3,156640
2019-03-26,5.54,5.54,5.31,5.34,45460
2019-03-27,5.48,5.48,5.34,5.41,47380
2019-03-28,5.41,5.46,5.34,5.44,6550
2019-03-29,5.44,5.45,5.41,5.43,13350
2019-04-01,5.29,5.41,5.23,5.37,239610
2019-04-02,5.34,5.37,5.29,5.34,13110
2019-04-03,5.34,5.34,5.24,5.34,64670
2019-04-04,5.44,5.44,5.27,5.34,3410
2019-04-05,5.29,5.39,5.29,5.39,49030
2019-04-08,5.37,5.37,5.28,5.28,54590
2019-04-09,5.34,5.41,5.26,5.26,59790
2019-04-10,5.39,5.4,5.27,5.37,83410
2019-04-11,5.4,5.4,5.3,5.37,11620
2019-04-12,5.37,5.4,5.26,5.4,24620
2019-04-16,5.31,5.39,5.28,5.39,6610
2019-04-17,5.02,5.38,5.02,5.35,13930
2019-04-18,5.68,5.69,5.24,5.26,93420
2019-04-19,5.21,5.34,5.19,5.21,22730
2019-04-22,5.19,5.26,5.19,5.26,35690
2019-04-23,5.19,5.28,5.19,5.26,2580
2019-04-24,5.19,5.26,5.19,5.19,62490
2019-04-25,5.09,5.26,5.09,5.19,34530
2019-04-26,5.24,5.24,5.12,5.19,12030
2019-05-02,5.13,5.24,5.13,5.24,27510
2019-05-03,5.26,5.26,5.14,5.24,1890
2019-05-06,5.09,5.21,5.09,5.19,12700
2019-05-07,5.26,5.26,5.12,5.19,14030
2019-05-08,5.13,5.26,5.12,5.19,30590
2019-05-09,5.07,5.19,5.07,5.09,18650
2019-05-10,5.16,5.16,5.07,5.15,16050
2019-05-13,5.07,5.51,5.07,5.19,23120
2019-05-14,5.12,5.26,5.09,5.19,21540
2019-05-15,5.33,5.33,5.11,5.19,7980
2019-05-16,5.26,5.3,5.14,5.19,26550
2019-05-17,5.19,5.19,5.12,5.19,60240
2019-05-20,5.24,5.26,5.19,5.26,20750
2019-05-21,5.23,5.26,5.14,5.14,24090
2019-05-22,5.26,5.26,5.12,5.19,43840
2019-05-23,5.26,5.26,5.12,5.19,26160
2019-05-24,5.26,5.26,5.12,5.19,460
2019-05-27,5.12,5.22,5.09,5.1,15800
2019-05-28,5.1,5.14,5.09,5.14,253230
2019-05-29,5.09,5.14,5.09,5.12,73320
2019-05-30,5.24,5.24,5.12,5.12,10120
2019-05-31,5.19,5.26,5.12,5.24,19400
2019-06-03,5.25,5.39,5.09,5.19,17650
2019-06-04,5.24,5.24,5.09,5.19,2460
2019-06-05,5.21,5.21,5.09,5.21,7160
2019-06-06,5.09,5.26,5.09,5.19,6220
2019-06-07,5.26,5.26,5.19,5.19,570
2019-06-10,5.19,5.19,5.11,5.19,700
2019-06-11,5.12,5.19,5.09,5.12,42330
2019-06-12,5.2,5.44,5.08,5.41,26610
2019-06-13,5.09,5.26,5.09,5.24,1100
2019-06-14,5.48,5.48,5.08,5.24,3920
2019-06-17,5.27,5.27,5.1,5.2,2130
2019-06-18,5.12,5.2,5.05,5.17,56780
2019-06-19,5.17,5.17,5.05,5.16,3350
2019-06-20,5.15,5.15,5.09,5.09,25010
2019-06-21,5.18,5.18,5.1,5.17,1510
2019-06-24,5.16,5.5,5.12,5.34,7420
2019-06-25,5.34,5.34,5.2,5.34,630
2019-06-26,5.1,5.42,5.1,5.21,86640
2019-06-27,5.21,5.28,5.2,5.2,44130
2019-06-28,5.43,5.55,5.2,5.2,3530
2019-07-01,5.2,5.34,5.2,5.2,29630
2019-07-02,5.12,5.12,5.12,5.12,5250
2019-07-03,5.23,5.24,5.12,5.19,7580
2019-07-04,5.2,5.24,5.12,5.24,6210
2019-07-05,5.13,5.24,5.13,5.13,1390
2019-07-08,5.13,5.2,5.13,5.16,2230
2019-07-09,5.2,5.2,5.12,5.12,24450
2019-07-10,5.16,5.2,5.15,5.15,6300
2019-07-11,5.15,5.18,5.12,5.18,19750
2019-07-12,5.22,5.24,5.16,5.23,4120
2019-07-15,5.23,5.23,5.23,5.23,800
2019-07-16,5.27,5.34,5.12,5.34,25350
2019-07-17,5.43,5.43,5.35,5.41,13900
2019-07-18,5.35,5.39,5.35,5.39,13010
2019-07-19,5.47,5.47,5.35,5.43,18530
2019-07-22,5.54,5.54,5.53,5.53,550
2019-07-23,5.58,5.81,5.58,5.7,21310
2019-07-24,5.7,5.7,5.7,5.7,0
2019-07-25,5.34,5.66,5.34,5.62,1060
2019-07-26,5.34,5.5,5.28,5.5,21170
2019-07-29,5.35,5.5,5.28,5.5,19110
2019-07-30,5.24,5.5,5.24,5.5,110
2019-07-31,5.24,5.5,5.24,5.49,4400
2019-08-01,5.49,5.49,5.24,5.49,1350
2019-08-02,5.2,5.35,5.2,5.34,130
2019-08-05,5.28,5.31,5.28,5.31,60540
2019-08-06,5.2,5.31,5.16,5.2,5530
2019-08-07,5.5,5.5,5.19,5.19,20
2019-08-08,5.43,5.43,5.18,5.38,1120
2019-08-09,5.18,5.31,5.17,5.29,5200
2019-08-12,5.35,5.39,5.35,5.39,110
2019-08-13,5.35,5.39,5.35,5.39,210
2019-08-14,5.19,5.38,5.18,5.38,3340
2019-08-15,5.38,5.38,5.38,5.38,0
2019-08-16,5.18,5.35,5.18,5.35,230
2019-08-19,5.16,5.46,5.16,5.46,13260
2019-08-20,5.7,5.7,5.5,5.5,1180
2019-08-21,5.5,5.5,5.5,5.5,4500
2019-08-22,5.57,5.57,5.57,5.57,20
2019-08-23,5.57,5.57,5.49,5.49,80
2019-08-26,5.58,5.58,5.18,5.34,3720
2019-08-27,5.35,5.5,5.21,5.44,1680
2019-08-28,5.35,5.46,5.35,5.46,3040
2019-08-29,5.49,5.49,5.35,5.41,3220
2019-08-30,5.41,5.41,5.32,5.39,6800
2019-09-03,5.47,5.47,5.47,5.47,30
2019-09-04,5.35,5.35,5.35,5.35,1290
2019-09-05,5.47,5.47,5.47,5.47,10
2019-09-06,5.47,5.47,5.47,5.47,10
2019-09-09,5.35,5.35,5.2,5.35,740
2019-09-10,5.2,5.43,5.19,5.2,25070
2019-09-11,5.47,5.47,5.28,5.44,360
2019-09-12,5.43,5.45,5.09,5.37,25670
2019-09-13,5.14,5.34,5.14,5.29,9460
2019-09-16,5.29,5.35,5.28,5.35,1630
2019-09-17,5.05,5.34,5.05,5.32,25200
2019-09-18,5.32,5.32,5.07,5.2,3710
2019-09-19,5.35,5.35,5.08,5.34,3620
2019-09-20,5.2,5.35,5.07,5.35,9400
2019-09-23,5.35,5.35,5.35,5.35,40
2019-09-24,5.25,5.28,5.1,5.1,1120
2019-09-25,5.05,5.39,5.05,5.2,20100
2019-09-26,5.31,5.33,5.05,5.26,10290
2019-09-27,5.2,5.24,5.05,5.24,5140
2019-09-30,5.08,5.23,5.08,5.14,9110
2019-10-01,5.28,5.28,5.12,5.18,2950
2019-10-02,5.05,5.15,4.97,5.11,6420
2019-10-03,5.12,5.12,5.12,5.12,210
2019-10-04,5.21,5.21,5.02,5.05,340
2019-10-07,5.12,5.15,5.05,5.15,360
2019-10-08,5.12,5.14,5.01,5.05,11370
2019-10-09,5.17,5.2,5.12,5.2,2610
2019-10-10,5.16,5.16,5.16,5.16,140
2019-10-11,5.17,5.19,5.17,5.19,200
2019-10-14,5.19,5.19,5.19,5.19,0
2019-10-15,5.18,5.18,5.18,5.18,100
2019-10-16,5.18,5.19,4.98,5.18,21030
2019-10-17,5.2,5.34,5.01,5.01,15020
2019-10-18,5.35,5.35,4.98,5.16,19660
2019-10-21,5.2,5.35,5.16,5.34,37190
2019-10-22,5.16,5.31,5.16,5.27,48330
2019-10-23,5.18,5.28,5.17,5.17,2550
2019-10-24,5.16,5.31,5.12,5.28,10960
2019-10-25,5.13,5.2,5.05,5.2,3680
2019-10-28,5.2,5.56,4.97,5.54,152630
2019-10-29,5.54,5.54,5.35,5.44,21610
2019-10-30,5.35,5.47,5.35,5.35,13170
2019-10-31,5.35,5.35,5.05,5.18,45940
2019-11-01,5.18,5.34,5.08,5.18,13710
2019-11-04,5.28,5.28,5.05,5.05,10060
2019-11-05,4.98,5.2,4.97,5.13,14140
2019-11-06,5.13,5.13,4.89,5.01,31060
2019-11-07,5.01,5.02,5.01,5.01,25440
2019-11-08,5.01,5.01,5.01,5.01,0
2019-11-11,4.98,5.11,4.98,5.05,1550
2019-11-12,5.08,5.08,4.99,5.08,5880
2019-11-13,5.08,5.08,5.01,5.08,3400
2019-11-14,5.08,5.08,5.01,5.08,4620
2019-11-15,5.07,5.08,5.07,5.08,4360
2019-11-18,5.24,5.24,4.97,5.12,11320
2019-11-19,4.97,5.08,4.89,5.08,11090
2019-11-20,4.97,5.08,4.97,5.08,4740
2019-11-21,5.08,5.08,5.08,5.08,0
2019-11-22,5.12,5.12,4.79,5.05,1360
2019-11-25,4.97,4.98,4.7,4.7,5140
2019-11-26,4.89,5.02,4.89,5.02,360
2019-11-27,5.08,5.08,5.08,5.08,10
2019-11-28,4.74,5.05,4.74,5.05,510
2019-11-29,5.04,5.14,5.04,5.14,800
2019-12-02,4.82,5.01,4.82,5.01,550
2019-12-03,5.08,5.08,4.76,5.0,1520
2019-12-04,4.71,5.05,4.71,5.05,110
2019-12-05,4.94,4.97,4.94,4.97,16250
2019-12-06,5.08,5.08,5.08,5.08,10
2019-12-09,5.18,5.18,4.74,4.95,5390
2019-12-10,4.76,5.04,4.75,5.04,3020
2019-12-11,4.91,4.97,4.91,4.97,1210
2019-12-12,5.01,5.01,5.01,5.01,20
2019-12-13,5.07,5.07,5.07,5.07,10
2019-12-16,4.82,4.89,4.76,4.89,1750
2019-12-17,4.82,4.89,4.82,4.87,6620
2019-12-18,4.82,4.82,4.82,4.82,10200
2019-12-19,4.82,4.82,4.82,4.82,4660
2019-12-20,4.92,4.92,4.78,4.91,14680
2019-12-23,4.66,5.05,4.66,4.82,3820
2019-12-24,4.78,4.78,4.77,4.77,960
2019-12-25,4.77,4.82,4.77,4.8,5500
2019-12-26,4.97,4.97,4.8,4.82,1470
2019-12-27,4.8,4.85,4.78,4.85,4170
2019-12-30,4.67,4.85,4.67,4.82,17450
2019-12-31,4.81,4.81,4.68,4.81,7570
2020-01-02,4.81,4.81,4.7,4.79,2620
2020-01-03,4.79,4.8,4.7,4.8,10360
2020-01-06,4.59,4.85,4.59,4.79,5620
2020-01-07,4.79,4.79,4.79,4.79,0
2020-01-08,4.61,4.77,4.6,4.77,2130
2020-01-09,4.63,5.1,4.63,5.1,2490
2020-01-10,5.41,5.41,4.78,4.82,3330
2020-01-13,4.82,4.82,4.82,4.82,50
2020-01-14,4.82,4.82,4.7,4.79,4060
2020-01-15,5.12,5.12,4.66,4.8,6320
2020-01-16,4.63,4.8,4.63,4.64,3510
2020-01-17,4.89,4.89,4.63,4.76,3720
2020-01-20,4.63,4.76,4.63,4.76,1150
2020-01-21,5.05,5.05,4.89,5.05,110
2020-01-22,5.03,5.34,5.03,5.34,5890
2020-01-30,4.98,5.11,4.98,5.11,2920
2020-01-31,4.82,4.89,4.76,4.89,9210
2020-02-03,4.56,5.12,4.55,4.74,26800
2020-02-04,4.97,4.97,4.51,4.51,3320
2020-02-05,4.82,4.82,4.74,4.74,160
2020-02-06,4.59,4.81,4.58,4.66,6630
2020-02-07,4.66,4.66,4.66,4.66,0
2020-02-10,4.74,4.89,4.59,4.7,960
2020-02-11,4.81,5.03,4.49,4.95,32330
2020-02-12,5.28,5.28,4.95,5.28,350
2020-02-13,5.28,5.28,5.28,5.28,0
2020-02-14,5.28,5.28,4.91,4.91,400
2020-02-17,4.59,4.97,4.59,4.97,340
2020-02-18,4.97,4.97,4.97,4.97,40
2020-02-19,4.97,5.28,4.63,4.93,1310
2020-02-20,4.89,4.93,4.89,4.93,200
2020-02-21,5.05,5.05,4.92,5.05,560
2020-02-24,4.69,4.69,4.69,4.69,100
2020-02-25,4.43,4.88,4.43,4.81,8030
2020-02-26,4.81,4.81,4.81,4.81,0
2020-02-27,4.8,4.97,4.51,4.89,410
2020-02-28,4.56,4.8,4.56,4.8,1690
2020-03-02,4.8,4.8,4.49,4.72,1210
2020-03-03,4.85,4.85,4.85,4.85,10
2020-03-04,4.89,4.97,4.89,4.97,250
2020-03-05,4.97,4.97,4.81,4.82,410
2020-03-06,4.51,4.81,4.49,4.8,90
2020-03-09,4.47,4.88,4.47,4.8,1570
2020-03-10,4.85,4.85,4.47,4.79,110
2020-03-11,4.79,4.79,4.49,4.66,2470
2020-03-12,4.66,4.98,4.34,4.59,28810
2020-03-13,4.8,4.8,4.27,4.36,3260
2020-03-16,4.59,4.59,4.59,4.59,10
2020-03-17,4.59,4.59,4.59,4.59,20
2020-03-18,4.66,4.89,4.28,4.73,1750
2020-03-19,4.4,4.66,4.4,4.66,360
2020-03-20,4.82,4.82,4.35,4.69,720
2020-03-23,4.38,4.66,4.37,4.37,700
2020-03-24,4.66,4.66,4.08,4.36,8090
2020-03-25,4.43,4.59,4.09,4.59,1010
2020-03-26,4.59,4.59,4.59,4.59,10
2020-03-27,4.27,4.51,4.27,4.51,430
2020-03-30,4.2,4.66,4.2,4.5,7360
2020-03-31,4.2,4.2,4.19,4.19,3200
2020-04-01,3.98,4.2,3.98,4.2,3500
2020-04-03,4.36,4.5,4.36,4.5,170
2020-04-06,4.59,4.59,4.2,4.36,3320
2020-04-07,4.58,4.59,4.36,4.51,840
2020-04-08,4.51,4.51,4.21,4.47,30
2020-04-09,4.43,4.51,4.36,4.36,4250
2020-04-10,4.2,4.36,4.2,4.36,4450
2020-04-13,4.43,4.43,4.43,4.43,50
2020-04-14,4.43,4.43,4.2,4.43,4140
2020-04-15,4.55,4.55,4.28,4.28,3010
2020-04-16,4.28,4.43,4.28,4.43,27770
2020-04-17,4.59,4.59,4.28,4.28,3010
2020-04-20,4.36,4.58,4.28,4.58,20210
2020-04-21,4.63,4.88,4.59,4.78,34670
2020-04-22,4.85,4.85,4.61,4.8,16560
2020-04-23,5.13,5.13,5.05,5.13,106110
2020-04-24,5.13,5.13,5.09,5.09,11480
2020-04-27,5.09,5.12,4.82,4.82,8660
2020-04-28,4.61,5.11,4.61,4.78,28210
2020-04-29,4.96,4.96,4.74,4.94,22670
2020-05-04,4.94,4.94,4.7,4.89,43160
2020-05-05,4.78,4.85,4.74,4.84,7350
2020-05-06,4.97,5.15,4.6,4.95,23380
2020-05-07,4.8,4.82,4.79,4.82,14110
2020-05-08,4.94,4.94,4.82,4.9,22310
2020-05-11,4.9,4.97,4.83,4.91,12050
2020-05-12,4.82,4.92,4.74,4.92,14260
2020-05-13,4.92,4.92,4.75,4.85,28460
2020-05-14,4.85,4.85,4.82,4.85,37450
2020-05-15,4.82,4.85,4.78,4.79,19250
2020-05-18,4.95,4.95,4.78,4.89,8040
2020-05-19,4.92,4.92,4.68,4.77,84610
2020-05-20,4.85,4.85,4.7,4.72,16490
2020-05-21,4.85,4.91,4.73,4.85,49360
2020-05-22,4.91,4.91,4.76,4.85,72280
2020-05-25,4.85,4.91,4.76,4.84,24830
2020-05-26,4.85,4.89,4.77,4.82,29410
2020-05-27,4.83,4.83,4.74,4.76,59260
2020-05-28,4.78,4.89,4.74,4.83,230810
2020-05-29,4.85,5.16,4.83,5.12,201700
2020-06-01,5.12,5.34,5.12,5.21,115230
2020-06-02,5.26,5.26,4.93,4.93,34300
2020-06-03,4.94,5.01,4.9,4.96,65680
2020-06-04,5.01,5.01,4.85,4.88,123790
2020-06-05,4.89,5.05,4.8,4.95,55950
2020-06-08,5.19,5.19,4.95,5.0,109090
2020-06-09,5.05,5.08,5.01,5.02,121210
2020-06-10,5.08,5.2,4.99,5.16,177080
2020-06-11,5.16,5.5,5.16,5.17,388150
2020-06-12,4.85,5.16,4.84,5.12,117930
2020-06-15,5.12,5.12,4.79,4.79,91770
2020-06-16,4.79,5.04,4.79,4.85,20800
2020-06-17,4.86,5.02,4.86,4.89,52600
2020-06-18,4.89,4.98,4.71,4.89,86630
2020-06-19,4.89,4.89,4.81,4.89,69390
2020-06-22,4.89,4.91,4.82,4.89,47680
2020-06-23,4.89,4.97,4.85,4.89,57230
2020-06-24,4.91,5.23,4.9,5.22,217890
2020-06-25,4.92,5.2,4.92,5.05,75420
2020-06-26,5.05,5.08,4.85,5.05,45920
2020-06-29,4.85,4.87,4.83,4.85,66530
2020-06-30,4.85,4.92,4.83,4.88,28560
2020-07-01,4.96,5.0,4.88,4.89,15510
2020-07-02,4.89,4.89,4.82,4.89,48530
2020-07-03,4.82,4.95,4.82,4.85,11590
2020-07-06,4.89,5.08,4.82,4.96,27370
2020-07-07,4.97,5.2,4.88,4.88,103910
2020-07-08,5.01,5.12,4.91,4.97,26720
2020-07-09,5.05,5.12,4.97,5.06,6390
2020-07-10,5.12,5.12,4.94,5.06,12020
2020-07-13,5.06,5.06,4.97,4.97,8200
2020-07-14,4.97,5.05,4.97,4.97,17640
2020-07-15,5.1,5.11,4.94,5.01,8980
2020-07-16,4.97,5.08,4.97,5.01,110910
2020-07-17,5.01,5.05,4.98,5.01,8750
2020-07-20,4.97,5.01,4.97,4.97,13310
2020-07-21,4.97,4.97,4.88,4.9,29790
2020-07-22,4.93,4.97,4.83,4.83,27960
2020-07-23,4.89,5.12,4.89,4.91,99860
2020-07-24,4.9,4.97,4.87,4.87,164680
2020-07-27,4.85,4.89,4.6,4.6,41000
2020-07-28,4.56,4.89,4.56,4.67,46330
2020-07-29,4.99,4.99,4.59,4.89,22800
2020-07-30,4.82,4.93,4.81,4.92,2520
2020-07-31,4.68,4.91,4.68,4.69,20510
2020-08-03,4.74,4.89,4.74,4.89,8800
2020-08-04,4.89,4.89,4.89,4.89,60
2020-08-05,4.7,4.89,4.66,4.89,21290
2020-08-06,5.14,5.14,4.81,5.1,41230
2020-08-07,5.1,5.14,5.1,5.14,4710
2020-08-10,5.47,5.47,4.99,5.14,20020
2020-08-11,4.98,4.98,4.98,4.98,2890
2020-08-12,4.98,5.13,4.98,4.98,10020
2020-08-13,4.98,4.98,4.98,4.98,4480
2020-08-14,5.11,5.13,4.98,5.1,9130
2020-08-17,5.09,5.09,4.98,4.99,16100
2020-08-18,4.99,5.08,4.99,5.07,5450
2020-08-19,5.12,5.12,5.02,5.1,7810
2020-08-20,5.18,5.18,4.98,5.1,18220
2020-08-21,5.06,5.12,5.06,5.12,870
2020-08-24,5.12,5.14,5.1,5.14,3820
2020-08-25,5.17,5.17,5.04,5.13,34630
2020-08-26,5.06,5.18,5.06,5.16,17060
2020-08-27,5.31,5.31,5.06,5.21,8120
2020-08-28,5.32,5.32,5.02,5.21,33640
2020-08-31,5.03,5.22,5.03,5.18,3900
2020-09-01,4.98,5.15,4.98,5.15,1110
2020-09-03,5.14,5.14,5.06,5.06,4430
2020-09-04,5.06,5.14,5.06,5.14,46900
2020-09-07,5.22,5.22,5.13,5.13,500
2020-09-08,5.07,5.13,5.06,5.13,24980
2020-09-09,5.06,5.1,5.06,5.1,410
2020-09-10,5.07,5.12,5.06,5.12,5220
2020-09-11,5.14,5.14,5.04,5.08,600
2020-09-14,5.05,5.09,5.04,5.09,34300
2020-09-15,5.05,5.09,5.04,5.06,56030
2020-09-16,5.06,5.13,5.06,5.13,11750
2020-09-17,5.06,5.17,5.06,5.14,14280
2020-09-18,5.1,5.13,5.06,5.12,5840
2020-09-21,5.06,5.22,5.06,5.12,2890
2020-09-22,5.19,5.19,5.07,5.07,18630
2020-09-23,5.18,5.18,5.07,5.07,8540
2020-09-24,5.17,5.17,5.17,5.17,140
2020-09-25,5.17,5.17,5.06,5.1,4540
2020-09-28,5.07,5.1,5.07,5.08,46900
2020-09-29,5.08,5.09,5.08,5.08,42000
2020-09-30,5.07,5.08,5.07,5.08,3810
2020-10-01,5.31,5.31,5.08,5.08,3740
2020-10-02,5.08,5.31,5.08,5.09,19180
2020-10-05,5.09,5.17,5.09,5.17,1860
2020-10-06,5.11,5.14,5.11,5.14,2270
2020-10-07,5.06,5.12,5.06,5.12,2700
2020-10-08,5.12,5.12,5.08,5.12,3810
2020-10-09,5.1,5.14,5.06,5.12,45740
2020-10-12,5.06,5.12,5.06,5.12,2650
2020-10-13,5.12,5.12,5.06,5.12,5410
2020-10-14,5.12,5.14,4.78,5.14,17410
2020-10-15,5.13,5.13,5.1,5.12,1440
2020-10-16,5.12,5.12,5.1,5.1,3400
2020-10-19,5.27,5.27,5.06,5.12,4470
2020-10-20,5.12,5.12,4.85,5.12,16030
2020-10-21,5.12,5.12,4.98,5.1,21890
2020-10-22,5.1,5.1,5.1,5.1,10
2020-10-23,5.08,5.08,5.06,5.08,1830
2020-10-26,5.08,5.08,4.74,5.06,31530
2020-10-27,4.81,5.13,4.81,5.06,4960
2020-10-28,5.06,5.06,5.06,5.06,10
2020-10-29,5.06,5.06,5.06,5.06,1010
2020-10-30,5.05,5.05,4.81,4.96,8130
2020-11-02,4.96,4.96,4.89,4.89,50
2020-11-03,4.87,4.88,4.73,4.74,30340
2020-11-04,4.74,5.06,4.74,4.98,29750
2020-11-05,4.74,5.12,4.74,5.12,20
2020-11-06,4.81,4.81,4.81,4.81,1000
2020-11-09,5.05,5.05,4.81,4.97,480
2020-11-10,4.98,4.98,4.81,4.81,10440
2020-11-11,4.98,4.98,4.96,4.98,5010
2020-11-12,4.97,4.98,4.97,4.98,140
2020-11-13,4.97,4.97,4.97,4.97,80
2020-11-16,4.78,4.97,4.78,4.95,4260
2020-11-17,4.7,4.98,4.7,4.97,5790
2020-11-18,4.89,4.97,4.81,4.97,4740
2020-11-19,4.97,4.97,4.96,4.97,2000
2020-11-20,4.81,4.93,4.81,4.93,7320
2020-11-23,4.83,4.83,4.83,4.83,30
2020-11-24,4.83,4.98,4.83,4.97,460
2020-11-25,4.71,4.93,4.71,4.93,6470
2020-11-26,4.89,4.93,4.77,4.81,10960
2020-11-27,4.86,4.89,4.81,4.89,5230
2020-11-30,4.64,4.88,4.64,4.85,4600
2020-12-01,4.53,4.89,4.53,4.89,3160
2020-12-02,4.56,4.88,4.56,4.88,5350
2020-12-03,4.89,4.89,4.81,4.81,5710
2020-12-04,4.81,4.81,4.73,4.81,9840
2020-12-07,4.81,5.14,4.77,4.95,13250
2020-12-08,4.89,4.89,4.81,4.81,10580
2020-12-09,4.87,4.88,4.82,4.87,20190
2020-12-10,4.87,4.87,4.75,4.81,4140
2020-12-11,4.81,4.98,4.81,4.98,7140
2020-12-14,4.81,4.97,4.81,4.96,10950
2020-12-15,4.81,4.95,4.81,4.95,4950
2020-12-16,4.83,4.98,4.83,4.98,41960
2020-12-17,4.98,4.98,4.98,4.98,20820
2020-12-18,4.74,4.98,4.74,4.98,1340
2020-12-21,4.98,4.98,4.73,4.81,7780
2020-12-22,4.73,4.95,4.64,4.91,22530
2020-12-23,4.89,4.93,4.89,4.93,33510
2020-12-24,4.98,4.98,4.89,4.89,31510
2020-12-25,4.82,4.97,4.82,4.96,5860
2020-12-28,5.1,5.1,4.89,4.98,5770
2020-12-29,4.85,5.06,4.85,5.02,32970
2020-12-30,5.06,5.16,5.06,5.07,28870
2020-12-31,5.15,5.15,5.03,5.09,10750
2021-01-04,5.06,5.22,5.06,5.14,13100
2021-01-05,5.14,5.5,4.98,5.5,125100
2021-01-06,5.76,5.88,5.73,5.88,152300
2021-01-07,6.27,6.27,5.81,6.01,77800
2021-01-08,5.89,5.93,5.71,5.72,44700
2021-01-11,5.79,5.79,5.56,5.72,57200
2021-01-12,5.72,5.75,5.56,5.75,39500
2021-01-13,5.8,6.14,5.75,6.14,325800
2021-01-14,6.46,6.47,6.22,6.39,93000
2021-01-15,6.43,6.43,5.99,6.22,33800
2021-01-18,5.93,6.14,5.93,6.13,56100
2021-01-19,5.9,6.12,5.71,5.71,170400
2021-01-20,5.41,5.97,5.41,5.76,24400
2021-01-21,5.86,5.87,5.72,5.87,52000
2021-01-22,5.8,5.96,5.49,5.96,77300
2021-01-25,5.96,5.96,5.56,5.8,89800
2021-01-26,5.8,5.8,5.47,5.54,21900
2021-01-27,5.71,5.71,5.47,5.47,17100
2021-01-28,5.14,5.47,5.09,5.09,79000
2021-01-29,4.77,5.41,4.74,5.36,26100
2021-02-01,5.35,5.35,4.99,5.26,7900
2021-02-02,5.06,5.14,4.93,5.14,7400
2021-02-03,5.16,5.26,4.98,5.22,20500
2021-02-04,5.14,5.22,5.14,5.22,2300
2021-02-05,5.29,5.29,5.18,5.22,12900
2021-02-08,5.28,5.28,5.06,5.06,400
2021-02-09,5.06,5.1,4.98,5.1,8500
2021-02-17,5.28,5.44,5.22,5.37,35200
2021-02-18,5.39,5.55,5.37,5.37,22900
2021-02-19,5.39,5.39,5.35,5.37,6700
2021-02-22,5.37,5.46,5.37,5.46,2800
2021-02-23,5.46,5.46,5.23,5.39,3300
2021-02-24,5.39,5.72,5.39,5.43,46500
2021-02-25,5.43,5.71,5.43,5.67,29600
2021-02-26,5.56,5.67,5.39,5.43,18600
2021-03-01,5.43,5.8,5.43,5.56,3600
2021-03-02,5.69,5.76,5.47,5.56,7800
2021-03-03,5.47,5.56,5.47,5.56,54300
2021-03-04,5.8,5.8,5.57,5.57,10500
2021-03-05,5.56,5.59,5.47,5.47,15700
2021-03-08,5.56,5.8,5.49,5.8,92300
2021-03-09,5.97,6.01,5.79,5.8,97400
2021-03-10,6.1,6.18,5.89,6.05,67000
2021-03-11,6.05,6.05,5.85,5.93,40600
2021-03-12,5.89,5.89,5.87,5.89,14100
2021-03-15,5.8,6.05,5.72,5.95,25000
2021-03-16,5.85,5.89,5.8,5.89,20800
2021-03-17,6.05,6.05,5.81,5.92,25600
2021-03-18,5.92,5.92,5.73,5.9,17700
2021-03-19,5.81,5.9,5.72,5.8,12900
2021-03-22,5.8,5.8,5.56,5.64,49400
2021-03-23,5.71,5.85,5.71,5.85,39500
2021-03-24,5.85,5.85,5.65,5.8,25500
2021-03-25,5.8,5.85,5.66,5.72,15500
2021-03-26,5.56,5.65,5.56,5.57,18300
2021-03-29,5.57,5.79,5.57,5.64,13100
2021-03-30,5.64,5.72,5.64,5.72,25500
2021-03-31,5.72,5.72,5.63,5.69,34200
2021-04-01,5.69,5.85,5.69,5.83,17500
2021-04-02,5.82,5.82,5.79,5.8,18300
2021-04-05,5.8,5.85,5.64,5.67,21600
2021-04-06,5.64,6.06,5.64,6.06,179800
2021-04-07,6.22,6.42,6.08,6.23,76800
2021-04-08,6.29,6.3,6.22,6.29,74700
2021-04-09,6.29,6.47,6.27,6.47,183000
2021-04-12,6.67,6.68,6.39,6.47,82600
2021-04-13,6.55,6.55,6.3,6.3,72900
2021-04-14,6.26,6.41,6.18,6.39,83200
2021-04-15,6.39,6.41,6.1,6.14,31800
2021-04-16,6.14,6.55,6.1,6.3,75200
2021-04-19,6.3,6.3,6.1,6.14,8300
2021-04-20,6.14,6.14,5.72,5.72,80400
2021-04-22,5.72,5.8,5.64,5.72,15500
2021-04-23,5.56,5.8,5.56,5.8,20700
2021-04-26,5.8,5.8,5.6,5.6,37500
2021-04-27,5.6,5.64,5.56,5.64,3200
2021-04-28,5.36,5.96,5.36,5.56,42400
2021-04-29,5.8,5.8,5.51,5.64,33400
2021-05-04,5.36,5.64,5.36,5.47,20900
2021-05-05,5.33,5.69,5.33,5.69,46700
2021-05-06,5.47,5.69,5.44,5.63,30400
2021-05-07,5.67,5.67,5.39,5.63,44400
2021-05-10,5.47,5.47,5.38,5.38,22800
2021-05-11,5.37,5.47,5.31,5.38,28600
2021-05-12,5.38,5.47,5.36,5.43,34200
2021-05-13,5.43,5.43,5.39,5.39,24700
2021-05-14,5.39,5.39,5.35,5.35,18500
2021-05-17,5.35,5.39,5.35,5.35,12300
2021-05-18,5.64,5.64,5.38,5.39,12100
2021-05-19,5.46,5.46,5.27,5.28,15200
2021-05-20,5.47,5.47,5.31,5.31,2400
2021-05-21,5.31,5.39,5.2,5.37,4300
2021-05-24,5.37,5.39,5.37,5.39,4300
2021-05-25,5.39,5.39,5.35,5.39,20800
2021-05-26,5.35,5.35,5.35,5.35,4000
2021-05-27,5.35,5.64,5.32,5.56,17200
2021-05-28,5.33,5.6,5.32,5.42,6100
2021-05-31,5.39,5.39,5.26,5.31,15900
2021-06-01,5.29,5.31,5.29,5.31,17700
2021-06-02,5.31,5.6,5.31,5.47,18800
2021-06-03,5.47,5.47,5.33,5.47,18000
2021-06-04,5.47,5.48,5.41,5.42,42500
2021-06-07,5.54,5.54,5.36,5.36,26500
2021-06-08,5.41,5.56,5.39,5.39,61600
2021-06-09,5.53,5.53,5.35,5.39,22800
2021-06-10,5.39,5.61,5.33,5.5,34100
2021-06-11,5.47,5.5,5.43,5.48,31000
2021-06-14,5.48,5.48,5.39,5.39,26200
2021-06-15,5.39,5.55,5.39,5.41,13100
2021-06-16,5.41,5.46,5.39,5.46,22800
2021-06-17,5.46,5.47,5.39,5.46,31100
2021-06-18,5.51,5.51,5.47,5.5,30400
2021-06-21,5.5,5.71,5.5,5.71,62300
2021-06-22,5.8,5.8,5.68,5.72,40800
2021-06-23,5.8,5.8,5.56,5.56,10600
2021-06-24,5.64,5.65,5.51,5.56,16200
2021-06-25,5.5,5.56,5.5,5.56,3900
2021-06-28,5.56,5.62,5.51,5.56,28900
2021-06-29,5.56,5.57,5.54,5.54,8500
2021-06-30,5.56,5.71,5.54,5.65,51000
2021-07-01,5.66,5.8,5.65,5.77,66600
2021-07-02,5.77,5.77,5.66,5.72,33700
2021-07-05,5.67,5.71,5.57,5.64,19300
2021-07-06,5.39,5.63,5.39,5.63,10800
2021-07-07,5.39,5.57,5.32,5.56,22700
2021-07-08,5.56,5.57,5.47,5.57,7800
2021-07-09,5.56,5.56,5.39,5.55,18500
2021-07-12,5.47,5.47,5.17,5.34,31900
2021-07-13,5.52,5.52,4.98,5.29,71700
2021-07-14,5.23,5.23,5.06,5.1,20700
2021-07-15,5.1,5.13,4.99,5.13,18500
2021-07-16,5.06,5.49,4.98,5.27,8000
2021-07-19,5.06,5.21,4.93,5.21,10600
2021-07-20,4.98,5.18,4.98,5.18,8200
2021-07-21,5.03,5.17,5.03,5.17,9900
2021-07-22,5.14,5.22,5.11,5.22,8800
2021-07-23,5.22,5.22,5.1,5.21,6000
2021-07-26,5.08,5.14,5.07,5.12,8200
2021-07-27,5.22,5.26,5.12,5.12,9900
2021-07-28,5.08,5.12,5.08,5.11,14100
2021-07-29,5.05,5.14,5.05,5.14,4700
2021-07-30,4.9,5.14,4.9,5.14,17200
2021-08-02,5.14,5.47,5.13,5.31,21700
2021-08-03,5.31,5.43,5.23,5.35,7500
2021-08-04,5.38,5.38,5.14,5.35,65200
2021-08-05,5.35,5.35,5.31,5.31,4200
2021-08-06,5.3,5.3,5.22,5.29,5700
2021-08-09,5.23,5.34,5.22,5.32,15400
2021-08-10,5.31,5.31,5.22,5.27,26500
2021-08-11,5.31,5.42,5.31,5.38,32500
2021-08-12,5.32,5.64,5.31,5.54,50600
2021-08-13,5.78,5.78,5.39,5.56,32900
2021-08-16,5.57,5.66,5.56,5.65,46500
2021-08-17,5.65,5.72,5.61,5.61,59700
2021-08-18,5.46,5.64,5.46,5.61,26100
2021-08-19,5.54,5.56,5.52,5.56,18300
2021-08-20,5.56,5.57,5.4,5.43,74500
2021-08-23,5.43,5.47,5.35,5.35,16300
2021-08-24,5.63,5.69,5.36,5.54,30500
2021-08-25,5.63,5.63,5.41,5.53,18300
2021-08-26,5.55,5.55,5.4,5.52,54600
2021-08-27,5.41,5.5,5.41,5.47,1400
2021-08-30,5.51,5.57,5.41,5.57,61200
2021-08-31,5.72,5.72,5.52,5.56,40700
2021-09-01,5.52,5.66,5.52,5.56,10100
2021-09-06,5.64,5.89,5.64,5.8,206900
2021-09-07,5.93,5.93,5.66,5.66,85500
2021-09-08,5.66,5.8,5.66,5.7,39500
2021-09-09,5.64,5.72,5.63,5.72,37500
2021-09-10,5.88,5.88,5.66,5.76,25300
2021-09-13,5.8,5.93,5.66,5.8,101100
2021-09-14,5.72,5.89,5.68,5.8,138500
2021-09-15,5.89,6.21,5.89,6.21,799900
2021-09-16,6.54,6.55,6.32,6.47,218600
2021-09-17,6.48,6.49,6.22,6.36,119500
2021-09-20,6.3,6.3,6.05,6.1,335900
2021-09-21,6.05,6.1,5.8,6.08,402800
2021-09-22,6.1,6.5,6.09,6.5,2247400
2021-09-23,6.95,6.95,6.88,6.95,1475900
2021-09-24,7.21,7.21,6.63,6.63,491500
2021-09-27,6.3,6.55,6.17,6.17,556000
2021-09-28,5.76,6.15,5.75,6.0,704600
2021-09-29,5.97,6.14,5.97,6.05,261900
2021-09-30,6.25,6.25,6.05,6.12,203500
2021-10-01,6.04,6.08,5.9,6.02,233400
2021-10-04,6.02,6.18,5.9,6.11,278800
2021-10-05,6.11,6.28,5.97,6.11,189000
2021-10-06,6.11,6.53,6.07,6.53,769700
2021-10-07,6.61,6.88,6.53,6.7,516000
2021-10-08,6.7,6.7,6.55,6.58,182100
2021-10-11,6.58,6.58,6.3,6.44,403500
2021-10-12,6.28,6.45,6.27,6.44,319200
2021-10-13,6.4,6.47,6.37,6.39,117100
2021-10-14,6.44,6.58,6.39,6.47,247800
2021-10-15,6.55,6.59,6.35,6.35,232900
2021-10-18,6.46,6.46,6.3,6.38,339000
2021-10-19,6.53,6.63,6.36,6.51,319500
2021-10-20,6.53,6.8,6.53,6.72,743200
2021-10-21,6.77,6.78,6.7,6.74,278100
2021-10-22,6.74,7.15,6.74,7.13,548500
2021-10-25,7.13,7.38,7.13,7.23,550200
2021-10-26,7.23,7.31,7.05,7.23,408900
2021-10-27,7.3,7.53,7.26,7.34,626600
2021-10-28,7.46,7.46,7.3,7.3,386400
2021-10-29,7.34,7.53,7.3,7.36,446300
2021-11-01,7.38,7.38,7.28,7.34,443800
2021-11-02,7.31,7.84,7.17,7.67,1072200
2021-11-03,7.8,7.8,7.44,7.44,860400
2021-11-04,7.67,7.9,7.46,7.74,648700
2021-11-05,7.78,8.28,7.71,8.28,1012500
2021-11-08,8.62,8.62,8.08,8.27,1132600
2021-11-09,8.13,8.28,8.04,8.04,1870700
2021-11-10,8.04,8.58,8.04,8.58,815600
2021-11-11,9.12,9.12,8.46,8.79,925200
2021-11-12,8.79,8.87,8.46,8.67,672200
2021-11-15,8.79,9.25,8.58,9.2,1470300
2021-11-16,9.2,9.25,8.58,9.04,773500
2021-11-17,8.79,9.45,8.79,9.2,814600
2021-11-18,9.25,9.41,9.04,9.2,1327100
2021-11-19,9.54,9.54,8.62,9.0,1220900
2021-11-22,8.71,8.91,8.42,8.42,1136200
2021-11-23,7.98,8.79,7.98,8.71,633600
2021-11-24,8.87,8.96,8.54,8.62,402100
2021-11-25,8.54,8.75,8.54,8.71,459500
2021-11-26,8.79,9.2,8.58,9.04,1488900
2021-11-29,8.87,9.66,8.87,9.66,853900
2021-11-30,10.27,10.27,9.66,9.76,1167900
2021-12-01,9.76,9.8,9.34,9.48,909000
2021-12-02,9.24,9.9,9.24,9.62,863100
2021-12-03,9.71,9.71,9.34,9.34,707800
2021-12-06,9.15,9.57,8.69,8.69,591400
2021-12-07,9.15,9.15,8.82,8.99,194600
2021-12-08,9.06,9.24,8.68,8.85,300500
2021-12-09,8.85,9.12,8.73,9.12,405000
2021-12-10,9.06,9.43,9.06,9.15,319100
2021-12-13,9.06,9.48,9.06,9.38,512600
2021-12-14,9.62,9.62,9.17,9.24,567300
2021-12-15,9.34,9.34,9.15,9.15,349300
2021-12-16,9.15,9.15,9.0,9.02,431500
2021-12-17,9.15,9.62,9.1,9.62,1253600
2021-12-20,10.27,10.27,9.57,9.62,828800
2021-12-21,9.57,9.8,9.38,9.76,523900
2021-12-22,9.76,10.41,9.57,10.22,1516500
2021-12-23,10.27,10.92,10.27,10.92,2108300
2021-12-24,11.48,11.48,10.46,10.46,1236900
2021-12-27,10.55,10.78,10.08,10.55,490100
2021-12-28,11.25,11.25,11.11,11.25,936700
2021-12-29,12.0,12.0,11.39,11.67,1606300
2021-12-30,11.67,11.67,11.3,11.48,797300
2021-12-31,11.53,11.53,10.83,11.2,636500
2022-01-04,11.2,11.95,11.06,11.95,1230900
2022-01-05,12.23,12.6,12.18,12.23,895800
2022-01-06,12.04,12.42,11.81,12.28,638200
2022-01-07,12.28,12.6,12.0,12.28,735200
2022-01-10,12.14,13.12,12.14,12.14,1475600
2022-01-11,12.14,12.56,11.58,12.18,796500
2022-01-12,11.95,12.42,11.34,11.9,1204000
2022-01-13,12.04,12.04,11.11,11.11,816900
2022-01-14,10.36,11.2,10.36,10.74,971900
2022-01-17,11.02,11.11,9.99,9.99,561900
2022-01-18,9.32,9.71,9.31,9.31,939600
2022-01-19,8.96,9.34,8.96,9.1,303600
2022-01-20,8.97,9.71,8.97,9.71,458500
2022-01-21,10.08,10.08,9.33,9.57,474200
2022-01-24,9.34,9.43,8.92,8.92,429400
2022-01-25,8.87,9.23,8.74,9.11,140300
2022-01-26,9.34,9.34,8.59,8.69,188100
2022-01-27,8.87,8.87,8.41,8.51,172200
2022-01-28,8.52,8.87,7.93,8.66,332500
2022-02-07,8.78,9.15,8.78,8.99,168500
2022-02-08,8.99,9.62,8.99,9.57,423200
2022-02-09,9.34,9.62,9.31,9.62,406100
2022-02-10,9.62,10.13,9.62,9.8,408200
2022-02-11,9.85,9.85,9.48,9.52,372900
2022-02-14,9.52,9.52,9.29,9.48,445100
2022-02-15,9.71,9.71,9.34,9.34,237800
2022-02-16,9.52,9.52,9.34,9.43,453000
2022-02-17,9.43,9.62,9.34,9.48,411300
2022-02-18,9.48,9.52,9.34,9.52,329600
2022-02-21,9.62,9.8,9.52,9.8,537600
2022-02-22,9.71,9.71,9.34,9.48,502400
2022-02-23,9.52,9.76,9.43,9.71,533900
2022-02-24,9.71,9.71,9.06,9.34,789000
2022-02-25,9.43,9.57,9.32,9.43,386900
2022-02-28,9.34,9.48,9.3,9.34,318500
2022-03-01,9.57,9.62,9.34,9.52,536400
2022-03-02,9.52,9.52,8.87,9.11,889100
2022-03-03,9.11,9.34,9.11,9.24,464500
2022-03-04,9.38,9.43,9.24,9.38,648800
2022-03-07,9.48,10.04,9.34,10.04,3059000
2022-03-08,10.64,10.74,10.27,10.74,2657900
2022-03-09,11.16,11.16,10.08,10.74,1741800
2022-03-10,10.46,11.48,10.36,11.48,2642700
2022-03-11,11.34,12.09,11.2,11.48,2757400
2022-03-14,11.48,11.48,10.69,10.69,2065600
2022-03-15,10.36,11.44,10.32,11.02,1489400
2022-03-16,11.16,11.3,10.88,10.92,775800
2022-03-17,10.92,11.11,10.64,10.64,767500
2022-03-18,10.83,11.11,10.64,10.83,1043000
2022-03-21,11.2,11.58,10.88,11.58,1825700
2022-03-22,12.14,12.14,11.2,11.3,1616400
2022-03-23,11.2,11.58,11.06,11.34,1273200
2022-03-24,11.2,11.39,11.06,11.3,1075500
2022-03-25,11.48,11.48,11.25,11.3,682000
2022-03-28,11.25,11.25,10.55,10.74,1605800
2022-03-29,10.74,11.16,10.64,10.83,603700
2022-03-30,10.78,11.16,10.13,10.46,1211700
2022-03-31,10.46,10.78,10.32,10.36,663900
2022-04-01,10.36,10.64,9.99,10.36,652200
2022-04-04,10.6,10.6,10.18,10.41,655600
2022-04-05,10.46,10.83,10.41,10.55,553200
2022-04-06,10.55,10.64,10.18,10.27,567600
2022-04-07,10.64,10.64,10.08,10.18,544200
2022-04-08,10.13,10.32,9.8,9.8,623200
2022-04-12,9.85,10.18,9.12,9.13,607300
2022-04-13,9.13,9.57,9.13,9.43,640000
2022-04-14,9.76,9.76,9.24,9.34,174500
2022-04-15,9.38,9.43,9.06,9.2,205400
2022-04-18,9.2,9.21,8.56,8.56,623200
2022-04-19,8.6,8.82,7.96,7.96,539100
2022-04-20,7.96,7.96,7.41,7.41,480800
2022-04-21,6.9,7.19,6.9,6.9,610600
2022-04-22,6.49,7.09,6.42,6.81,489300
2022-04-25,7.0,7.0,6.33,6.34,238700
2022-04-26,6.07,6.78,5.91,6.78,222300
2022-04-27,6.78,7.09,6.53,7.09,262300
2022-04-28,7.09,7.42,7.09,7.1,248800
2022-04-29,7.14,7.25,7.09,7.24,407500
2022-05-04,7.24,7.24,7.08,7.09,274800
2022-05-05,7.09,7.09,6.81,6.99,186600
2022-05-06,6.61,6.98,6.61,6.98,85900
2022-05-09,6.97,6.97,6.5,6.5,271400
2022-05-10,6.05,6.48,6.05,6.34,454100
2022-05-11,6.63,6.63,6.07,6.35,118600
2022-05-12,6.16,6.34,5.91,5.91,292200
2022-05-13,5.69,6.05,5.5,5.5,257200
2022-05-16,5.53,5.88,5.25,5.55,248600
2022-05-17,5.55,5.88,5.27,5.83,315200
2022-05-18,5.84,6.11,5.83,5.88,226800
2022-05-19,5.69,5.83,5.69,5.79,198700
2022-05-20,5.69,5.95,5.69,5.76,183600
2022-05-23,5.95,5.95,5.55,5.77,166000
2022-05-24,5.93,5.93,5.37,5.6,254900
2022-05-25,5.6,5.83,5.6,5.83,167000
2022-05-26,5.88,6.05,5.88,6.04,269300
2022-05-27,6.07,6.18,6.04,6.07,206400
2022-05-30,6.16,6.27,6.07,6.27,163000
2022-05-31,6.35,6.35,6.13,6.16,247300
2022-06-01,6.17,6.28,6.03,6.16,168900
2022-06-02,6.16,6.22,6.06,6.12,195600
2022-06-03,6.07,6.16,5.96,6.06,168700
2022-06-06,6.07,6.07,5.79,5.88,168100
2022-06-07,5.78,5.87,5.52,5.69,173300
2022-06-08,5.69,5.85,5.69,5.79,128500
2022-06-09,5.71,5.88,5.71,5.79,189400
2022-06-10,5.94,5.94,5.61,5.69,181500
2022-06-13,5.56,5.56,5.29,5.4,154500
2022-06-14,5.32,5.38,5.13,5.25,101800
2022-06-15,5.23,5.25,4.88,4.89,200500
2022-06-16,4.95,4.99,4.67,4.85,165500
2022-06-17,4.53,4.67,4.52,4.54,167400
2022-06-20,4.54,4.76,4.22,4.22,179800
2022-06-21,4.2,4.25,4.07,4.11,152200
2022-06-22,4.11,4.39,4.02,4.28,116200
2022-06-23,4.29,4.38,4.2,4.34,76800
2022-06-24,4.35,4.53,4.35,4.42,78400
2022-06-27,4.57,4.62,4.42,4.51,41200
2022-06-28,4.41,4.6,4.41,4.57,79700
2022-06-29,4.57,4.62,4.29,4.39,93800
2022-06-30,4.48,4.57,4.43,4.53,156900
2022-07-01,4.53,4.57,4.26,4.57,96100
2022-07-04,4.57,4.67,4.52,4.53,44600
2022-07-05,4.53,4.53,4.4,4.42,86700
2022-07-06,4.41,4.67,4.41,4.53,154800
2022-07-07,4.4,4.76,4.4,4.67,129000
2022-07-08,4.76,4.76,4.67,4.76,103700
2022-07-11,4.76,4.76,4.62,4.67,91000
2022-07-12,4.76,4.76,4.49,4.65,130000
2022-07-13,4.67,4.86,4.65,4.84,134900
2022-07-14,4.95,4.95,4.76,4.89,127500
2022-07-15,4.95,5.03,4.89,4.9,94000
2022-07-18,4.95,5.13,4.95,5.02,117400
2022-07-19,4.88,5.02,4.88,4.91,84500
2022-07-20,4.9,5.01,4.9,5.0,144700
2022-07-21,5.0,5.01,4.95,5.0,89100
2022-07-22,5.0,5.06,4.9,4.98,113900
2022-07-25,5.04,5.04,4.85,4.86,83300
2022-07-26,4.78,4.97,4.72,4.76,112500
2022-07-27,4.92,4.92,4.67,4.85,78600
2022-07-28,4.85,4.99,4.77,4.92,81200
2022-07-29,4.85,4.92,4.82,4.84,48900
2022-08-01,4.85,4.88,4.72,4.88,162700
2022-08-02,4.85,5.02,4.85,5.02,173100
2022-08-03,5.02,5.07,4.85,5.02,72400
2022-08-04,5.03,5.18,5.02,5.11,224800
2022-08-05,5.35,5.35,5.12,5.22,244000
2022-08-08,5.33,5.5,5.26,5.47,277900
2022-08-09,5.47,5.51,5.36,5.51,276600
2022-08-10,5.51,5.74,5.5,5.67,394700
2022-08-11,5.67,5.73,5.51,5.51,207900
2022-08-12,5.44,5.55,5.38,5.47,118900
2022-08-15,5.48,5.58,5.44,5.48,126600
2022-08-16,5.48,5.51,5.46,5.47,138500
2022-08-17,5.51,5.58,5.46,5.54,211900
2022-08-18,5.55,5.55,5.41,5.46,130300
2022-08-19,5.46,5.55,5.41,5.46,119600
2022-08-22,5.58,5.58,5.29,5.41,160700
2022-08-23,5.31,5.41,5.31,5.37,106100
2022-08-24,5.37,5.47,5.37,5.41,95200
2022-08-25,5.41,5.48,5.41,5.46,88000
2022-08-26,5.46,5.48,5.4,5.45,153500
2022-08-29,5.4,5.41,5.23,5.37,144500
2022-08-30,5.37,5.43,5.37,5.41,55000
2022-08-31,5.32,5.42,5.32,5.41,82600
2022-09-05,5.4,5.43,5.36,5.37,116200
2022-09-06,5.37,5.42,5.37,5.41,118100
2022-09-07,5.41,5.43,5.35,5.35,154300
2022-09-08,5.41,5.41,5.34,5.38,95800
2022-09-09,5.4,5.41,5.33,5.4,129900
2022-09-12,5.43,5.65,5.41,5.56,264928
2022-09-13,5.6,5.68,5.46,5.55,144200
2022-09-14,5.56,5.56,5.42,5.54,97100
2022-09-15,5.65,5.65,5.44,5.45,106700
2022-09-16,5.41,5.46,5.4,5.41,206700
2022-09-19,5.17,5.55,5.17,5.19,92700
2022-09-20,5.25,5.37,5.07,5.37,65000
2022-09-21,5.07,5.45,5.07,5.35,35300
2022-09-22,5.27,5.27,5.16,5.22,112300
2022-09-23,4.91,5.26,4.91,5.17,81200
2022-09-26,5.12,5.12,4.88,4.96,125600
2022-09-27,5.09,5.09,4.68,4.9,46600
2022-09-28,4.9,5.06,4.88,4.9,54911
2022-09-29,5.24,5.24,4.88,4.89,54536
2022-09-30,4.89,4.89,4.55,4.78,148416
2022-10-03,4.83,5.04,4.61,4.61,42114
2022-10-04,4.61,4.68,4.58,4.66,57477
2022-10-05,4.66,4.83,4.63,4.78,46381
2022-10-06,4.8,4.96,4.5,4.7,98482
2022-10-07,4.77,4.77,4.38,4.38,189528
2022-10-10,4.09,4.39,4.09,4.38,101034
2022-10-11,4.51,4.51,4.12,4.29,129650
2022-10-12,4.38,4.44,4.29,4.38,92206
2022-10-13,4.39,4.58,4.27,4.44,15632
2022-10-14,4.49,4.49,4.42,4.47,44110
2022-10-17,4.47,4.49,4.38,4.49,50100
2022-10-18,4.44,4.58,4.44,4.56,41023
2022-10-19,4.58,4.58,4.39,4.54,441091
2022-10-20,4.49,4.49,4.39,4.48,26832
2022-10-21,4.48,4.48,4.24,4.29,66355
2022-10-24,4.29,4.29,4.04,4.1,202211
2022-10-25,4.14,4.14,3.9,4.02,296118
2022-10-26,4.1,4.1,3.95,4.02,40045
2022-10-27,3.97,4.2,3.97,4.2,71061
2022-10-28,4.38,4.38,4.1,4.26,89357
2022-10-31,4.29,4.44,4.2,4.27,53483
2022-11-01,4.36,4.36,4.0,4.1,37380
2022-11-02,3.93,4.2,3.93,4.12,36373
2022-11-03,4.22,4.22,4.1,4.19,16841
2022-11-04,4.19,4.19,3.9,3.95,130525
2022-11-07,3.9,4.1,3.83,3.83,86640
2022-11-08,3.61,3.9,3.61,3.83,63300
2022-11-09,4.0,4.0,3.71,3.88,10800
2022-11-10,3.88,3.88,3.62,3.62,280720
2022-11-11,3.61,3.62,3.38,3.38,169020
2022-11-14,3.38,3.38,3.14,3.14,140630
2022-11-15,2.93,2.93,2.93,2.93,66833
2022-11-16,2.72,3.12,2.72,3.1,267979
2022-11-17,3.12,3.28,3.12,3.28,42300
2022-11-18,3.29,3.29,3.09,3.15,73305
2022-11-21,3.15,3.32,3.15,3.26,27396
2022-11-22,3.27,3.32,3.22,3.26,157796
2022-11-23,3.26,3.3,3.22,3.28,24553
2022-11-24,3.25,3.28,3.12,3.25,19227
2022-11-25,3.14,3.25,3.14,3.22,76307
2022-11-28,3.23,3.43,3.23,3.43,82640
2022-11-29,3.45,3.6,3.43,3.5,63220
2022-11-30,3.6,3.6,3.5,3.55,48027
2022-12-01,3.61,3.73,3.59,3.63,158912
2022-12-02,3.63,3.69,3.6,3.69,74256
2022-12-05,3.71,3.76,3.62,3.71,168630
2022-12-06,3.69,3.78,3.45,3.45,158810
2022-12-07,3.45,3.59,3.37,3.37,39318
2022-12-08,3.46,3.47,3.37,3.4,62317
2022-12-09,3.4,3.51,3.39,3.51,39858
2022-12-12,3.41,3.57,3.41,3.51,62811
2022-12-13,3.51,3.51,3.41,3.44,28000
2022-12-14,3.59,3.61,3.5,3.56,49346
2022-12-15,3.59,3.66,3.51,3.61,113160
2022-12-16,3.51,3.81,3.42,3.81,306100
2022-12-19,3.84,4.0,3.72,3.86,123537
2022-12-20,3.86,3.86,3.6,3.65,105321
2022-12-21,3.65,3.9,3.43,3.67,24212
2022-12-22,3.71,3.71,3.42,3.56,38792
2022-12-23,3.56,3.59,3.41,3.46,69220
2022-12-26,3.41,3.46,3.33,3.34,47140
2022-12-27,3.32,3.41,3.32,3.4,53910
2022-12-28,3.41,3.51,3.41,3.5,22101
2022-12-29,3.48,3.51,3.41,3.5,19651
2022-12-30,3.53,3.53,3.42,3.5,29420
2023-01-03,3.46,3.74,3.46,3.65,43311
2023-01-04,3.61,3.76,3.61,3.68,69152
2023-01-05,3.7,3.7,3.54,3.68,16500
2023-01-06,3.6,3.66,3.51,3.63,60230
2023-01-09,3.61,3.7,3.57,3.59,34800
2023-01-10,3.59,3.61,3.51,3.61,64201
2023-01-11,3.62,3.66,3.61,3.61,35200
2023-01-12,3.46,3.62,3.46,3.61,33100
2023-01-13,3.61,3.62,3.6,3.6,43750
2023-01-16,3.61,3.61,3.54,3.59,35601
2023-01-17,3.56,3.71,3.52,3.71,58048
2023-01-18,3.69,3.72,3.62,3.7,71686
2023-01-19,3.59,3.71,3.59,3.66,88419
2023-01-27,3.9,3.91,3.75,3.91,150011
2023-01-30,4.09,4.19,4.09,4.19,158962
2023-01-31,4.2,4.48,4.19,4.3,224667
2023-02-01,4.31,4.39,4.19,4.19,201455
2023-02-02,3.99,4.34,3.99,4.1,101864
2023-02-03,4.11,4.21,4.1,4.19,62907
2023-02-06,4.11,4.33,3.91,4.26,104551
2023-02-07,4.35,4.35,4.15,4.17,60810
2023-02-08,4.13,4.17,4.0,4.09,111511
2023-02-09,4.05,4.29,4.05,4.16,105926
2023-02-10,4.1,4.15,4.03,4.05,52405
2023-02-13,4.05,4.29,3.98,4.05,63013
2023-02-14,4.05,4.2,4.05,4.14,242147
2023-02-15,4.21,4.25,4.15,4.25,98722
2023-02-16,4.22,4.38,4.2,4.25,112750
2023-02-17,4.29,4.29,4.15,4.16,72029
2023-02-20,4.16,4.39,4.16,4.33,205920
2023-02-21,4.41,4.46,4.36,4.39,119939
2023-02-22,4.38,4.38,4.2,4.29,177300
2023-02-23,4.29,4.33,4.2,4.29,97400
2023-02-24,4.38,4.38,4.2,4.27,50780
2023-02-27,4.27,4.29,4.0,4.01,38190
2023-02-28,4.19,4.19,4.01,4.07,51811
2023-03-01,4.07,4.14,3.91,4.07,143700
2023-03-02,4.05,4.24,4.05,4.07,55200
2023-03-03,4.08,4.22,4.04,4.04,38410
2023-03-06,4.03,4.16,4.02,4.11,25760
2023-03-07,4.18,4.18,4.0,4.11,15938
2023-03-08,4.11,4.13,4.06,4.06,42434
2023-03-09,4.1,4.15,4.06,4.14,195812
2023-03-10,4.07,4.13,4.05,4.1,26840
2023-03-13,3.91,4.1,3.91,4.05,29445
2023-03-14,4.05,4.05,3.94,3.94,46000
2023-03-15,3.94,4.1,3.94,4.01,76837
2023-03-16,3.99,4.01,3.9,3.96,44500
2023-03-17,3.95,3.98,3.9,3.92,51300
2023-03-20,3.9,4.02,3.88,3.88,40000
2023-03-21,3.9,3.96,3.9,3.92,33000
2023-03-22,4.0,4.0,3.9,3.9,24900
2023-03-23,3.93,4.05,3.91,4.05,40000
2023-03-24,4.06,4.06,3.93,3.97,40885
2023-03-27,3.97,4.0,3.93,3.98,68462
2023-03-28,4.0,4.03,3.96,3.96,33450
2023-03-29,3.98,3.98,3.94,3.94,15750
2023-03-30,3.95,4.02,3.94,3.95,56065
2023-03-31,4.01,4.04,3.92,3.95,41110
2023-04-03,3.95,4.04,3.95,4.03,61090
2023-04-04,4.03,4.07,3.8,3.8,154141
2023-04-05,4.03,4.03,3.9,3.98,95860
2023-04-06,3.98,4.15,3.93,4.07,300713
2023-04-07,4.1,4.19,4.04,4.07,134210
2023-04-10,4.07,4.13,4.05,4.08,135561
2023-04-11,4.07,4.08,3.99,4.04,101449
2023-04-12,4.09,4.09,3.95,4.04,67066
2023-04-13,4.09,4.09,3.98,3.98,36534
2023-04-14,4.03,4.03,3.96,3.96,58800
2023-04-17,3.91,3.98,3.91,3.92,64777
2023-04-18,3.92,3.95,3.83,3.94,55100
2023-04-19,3.91,3.94,3.9,3.94,41200
2023-04-20,4.07,4.07,3.92,3.92,16550
2023-04-21,4.02,4.02,3.92,3.92,22982
2023-04-24,3.93,3.95,3.86,3.87,71811
2023-04-25,4.0,4.0,3.8,3.8,59125
2023-04-26,3.95,3.95,3.78,3.87,24438
2023-04-27,3.8,3.88,3.71,3.88,44355
2023-04-28,3.9,3.98,3.85,3.85,47971
2023-05-04,3.88,3.95,3.84,3.85,76394
2023-05-05,3.9,3.91,3.85,3.89,72615
2023-05-08,3.89,3.95,3.82,3.89,49304
2023-05-09,3.94,3.94,3.87,3.88,67127
2023-05-10,3.92,4.09,3.88,4.03,196308
2023-05-11,4.03,4.05,3.98,4.02,25020
2023-05-12,4.0,4.19,4.0,4.17,341932
2023-05-15,4.28,4.28,4.17,4.2,289342
2023-05-16,4.2,4.34,4.2,4.29,335517
2023-05-17,4.29,4.34,4.2,4.31,203920
2023-05-18,4.29,4.29,4.2,4.21,106556
2023-05-19,4.2,4.23,4.15,4.21,104795
2023-05-22,4.23,4.37,4.2,4.24,131132
2023-05-23,4.34,4.34,4.18,4.29,126580
2023-05-24,4.3,4.3,4.19,4.19,72201
2023-05-25,4.19,4.21,4.17,4.17,48967
2023-05-26,4.22,4.35,4.15,4.35,414172
2023-05-29,4.43,4.59,4.4,4.59,435048
2023-05-30,4.59,4.77,4.48,4.77,287175
2023-05-31,4.77,4.77,4.62,4.63,197483
2023-06-01,4.63,4.76,4.5,4.65,299174
2023-06-02,4.63,4.73,4.58,4.63,286700
2023-06-05,4.83,4.83,4.59,4.61,178470
2023-06-06,4.58,4.67,4.57,4.62,145903
2023-06-07,4.68,4.75,4.6,4.61,343349
2023-06-08,4.68,4.71,4.63,4.63,216069
2023-06-09,4.63,4.64,4.54,4.61,117630
2023-06-12,4.68,4.94,4.59,4.94,940755
2023-06-13,5.15,5.15,4.98,5.05,506000
2023-06-14,5.07,5.08,4.71,4.77,384992
2023-06-15,4.77,4.96,4.7,4.86,145322
2023-06-16,4.99,4.99,4.73,4.73,229462
2023-06-19,4.7,4.8,4.6,4.63,144567
2023-06-20,4.49,4.78,4.49,4.78,91002
2023-06-21,4.78,4.85,4.69,4.81,207926
2023-06-22,4.83,4.87,4.76,4.84,188538
2023-06-23,4.86,5.16,4.81,5.07,366241
2023-06-26,4.98,5.0,4.84,5.0,209553
2023-06-27,4.97,5.0,4.77,4.93,139500
2023-06-28,4.93,4.98,4.79,4.88,87566
2023-06-29,4.86,4.86,4.76,4.76,54756
2023-06-30,4.76,4.79,4.68,4.68,169099
2023-07-03,4.71,4.83,4.6,4.64,69860
2023-07-04,4.61,4.68,4.59,4.65,196413
2023-07-05,4.78,4.78,4.63,4.64,167407
2023-07-06,4.66,4.66,4.57,4.64,110220
2023-07-07,4.56,4.67,4.32,4.6,68535
2023-07-10,4.6,4.65,4.59,4.61,189249
2023-07-11,4.67,4.67,4.57,4.59,252440
2023-07-12,4.67,4.78,4.59,4.76,329320
2023-07-13,4.79,4.84,4.7,4.73,124610
2023-07-14,4.73,4.78,4.7,4.73,243363
2023-07-17,4.77,4.95,4.73,4.92,481654
2023-07-18,4.93,5.0,4.92,4.97,343987
2023-07-19,4.98,5.3,4.94,5.17,492487
2023-07-20,5.0,5.26,4.98,5.07,358675
2023-07-21,5.16,5.16,4.87,5.06,655890
2023-07-24,5.06,5.06,4.99,5.0,185452
2023-07-25,5.0,5.07,4.88,4.9,229080
2023-07-26,4.88,4.96,4.86,4.96,568930
2023-07-27,4.98,5.03,4.9,5.01,257251
2023-07-28,4.99,5.12,4.98,5.07,465325
2023-07-31,5.07,5.17,5.02,5.17,341941
2023-08-01,5.21,5.21,4.98,4.98,311701
2023-08-02,5.02,5.07,4.93,5.04,164884
2023-08-03,5.02,5.07,4.98,5.07,133810
2023-08-04,5.0,5.07,4.99,5.07,152466
2023-08-07,5.42,5.42,5.1,5.32,394878
2023-08-08,5.28,5.29,5.24,5.27,192707
2023-08-09,5.27,5.29,5.18,5.2,226728
2023-08-10,5.23,5.23,5.12,5.14,223120
2023-08-11,5.1,5.19,4.98,5.14,188401
2023-08-14,5.16,5.49,5.08,5.49,677916
2023-08-15,5.87,5.87,5.87,5.87,296330
2023-08-16,6.28,6.28,6.16,6.28,2179677
2023-08-17,6.61,6.61,5.85,6.1,1122177
2023-08-18,5.87,6.15,5.68,5.68,669913
2023-08-21,5.46,5.58,5.32,5.36,1177126
2023-08-22,5.4,5.73,5.03,5.73,637370
2023-08-23,6.02,6.02,5.64,5.64,378239
2023-08-24,5.8,5.8,5.46,5.64,189743
2023-08-25,5.61,5.65,5.51,5.57,127953
2023-08-28,5.58,5.77,5.58,5.69,157677
2023-08-29,5.66,5.76,5.56,5.6,372695
2023-08-30,5.66,5.66,5.54,5.59,164021
2023-08-31,5.51,5.66,5.51,5.6,218816
2023-09-05,5.61,5.85,5.56,5.85,504703
2023-09-06,5.94,5.94,5.75,5.81,246330
2023-09-07,5.83,5.93,5.83,5.88,519211
2023-09-08,5.9,5.9,5.79,5.85,318919
2023-09-11,5.95,6.15,5.76,6.04,806386
2023-09-12,6.2,6.2,5.97,6.15,690449
2023-09-13,6.15,6.21,5.89,6.15,696431
2023-09-14,6.14,6.15,6.01,6.05,485592
2023-09-15,6.06,6.44,6.06,6.34,519548
2023-09-18,6.34,6.41,6.15,6.24,295551
2023-09-19,6.24,6.26,6.1,6.24,441021
2023-09-20,6.24,6.38,6.15,6.24,187937
2023-09-21,6.32,6.52,6.24,6.44,1089634
2023-09-22,6.43,6.43,6.01,6.09,501905
2023-09-25,5.87,6.09,5.67,5.67,478966
2023-09-26,5.66,5.67,5.32,5.36,794195
2023-09-27,5.09,5.36,5.09,5.36,121049
2023-09-28,5.37,5.56,5.17,5.35,82131
2023-09-29,5.5,5.5,5.29,5.41,47705
2023-10-02,5.41,5.5,5.41,5.45,56988
2023-10-03,5.37,5.41,5.15,5.34,36826
2023-10-04,5.32,5.45,5.32,5.45,25608
2023-10-05,5.4,5.56,5.07,5.44,27610
2023-10-06,5.66,5.66,5.27,5.29,98654
2023-10-09,5.64,5.64,5.35,5.46,68028
2023-10-10,5.68,5.68,5.43,5.44,55525
2023-10-11,5.63,5.63,5.35,5.46,10800
2023-10-12,5.4,5.57,5.4,5.51,60110
2023-10-13,5.19,5.46,5.19,5.32,60160
2023-10-16,4.98,5.58,4.98,5.19,39470
2023-10-17,5.21,5.37,5.21,5.26,115606
2023-10-18,5.26,5.27,5.06,5.15,89700
2023-10-19,5.17,5.17,5.12,5.17,58632
2023-10-20,5.0,5.17,5.0,5.17,27216
2023-10-23,5.32,5.32,5.07,5.17,11000
2023-10-24,5.06,5.22,5.06,5.22,37360
2023-10-25,5.22,5.22,5.14,5.21,18201
2023-10-26,4.91,5.17,4.85,5.06,141896
2023-10-27,5.06,5.11,4.88,5.11,55708
2023-10-30,5.11,5.11,4.9,4.9,30421
2023-10-31,4.88,4.99,4.59,4.59,60920
2023-11-01,4.44,4.59,4.44,4.58,94200
2023-11-02,4.6,4.88,4.58,4.81,119935
2023-11-03,4.82,4.82,4.63,4.78,103522
2023-11-06,4.88,4.88,4.68,4.76,60707
2023-11-07,4.76,4.76,4.66,4.69,60111
2023-11-08,4.67,4.83,4.63,4.74,255846
2023-11-09,5.07,5.07,4.75,4.78,196700
2023-11-10,4.76,4.79,4.74,4.78,73375
2023-11-13,4.86,4.86,4.68,4.68,81410
2023-11-14,4.77,4.77,4.63,4.72,74510
2023-11-15,4.86,4.88,4.73,4.73,88213
2023-11-16,4.73,4.78,4.68,4.77,24510
2023-11-17,4.77,4.78,4.68,4.75,98514
2023-11-20,4.74,4.74,4.6,4.73,66600
2023-11-21,4.73,4.86,4.68,4.86,48100
2023-11-22,4.78,4.78,4.69,4.72,69605
2023-11-23,4.73,4.82,4.71,4.71,205910
2023-11-24,4.72,4.72,4.65,4.72,30742
2023-11-27,4.72,4.81,4.63,4.73,32230
2023-11-28,4.64,4.68,4.54,4.67,63740
2023-11-29,4.68,4.69,4.62,4.65,41851
2023-11-30,4.65,4.73,4.63,4.65,35200
2023-12-01,4.63,4.67,4.33,4.63,62000
2023-12-04,4.45,4.76,4.45,4.73,106332
2023-12-05,4.73,4.77,4.65,4.66,37539
2023-12-06,4.66,4.71,4.66,4.71,61513
2023-12-07,4.71,4.73,4.63,4.68,126624
2023-12-08,4.68,4.86,4.68,4.74,199173
2023-12-11,4.77,4.83,4.74,4.74,43608
2023-12-12,4.73,4.78,4.72,4.73,41380
2023-12-13,4.73,4.78,4.7,4.76,96663
2023-12-14,4.89,4.89,4.75,4.82,124119
2023-12-15,4.78,4.78,4.59,4.73,134610
2023-12-18,4.73,4.78,4.65,4.65,51329
2023-12-19,4.68,4.68,4.59,4.65,45700
2023-12-20,4.67,4.67,4.6,4.6,44500
2023-12-21,4.6,4.69,4.59,4.59,27715
2023-12-22,4.6,4.65,4.54,4.57,71570
2023-12-25,4.61,4.68,4.57,4.63,67310
2023-12-26,4.67,4.67,4.59,4.59,31615
2023-12-27,4.59,4.65,4.57,4.59,180649
2023-12-28,4.59,4.61,4.57,4.59,118595
2023-12-29,4.58,4.66,4.58,4.62,55810
2024-01-02,4.62,4.69,4.61,4.66,66016
2024-01-03,4.63,4.69,4.63,4.69,62200
2024-01-04,4.69,4.69,4.63,4.65,64309
2024-01-05,4.69,4.69,4.62,4.64,37116
2024-01-08,4.67,4.68,4.59,4.65,62063
2024-01-09,4.6,4.65,4.6,4.61,11400
2024-01-10,4.6,4.65,4.59,4.59,68460
2024-01-11,4.54,4.62,4.54,4.59,51000
2024-01-12,4.58,4.6,4.41,4.44,96422
2024-01-15,4.49,4.49,4.39,4.43,23600
2024-01-16,4.43,4.46,4.34,4.39,66700
2024-01-17,4.39,4.47,4.37,4.39,81802
2024-01-18,4.39,4.45,4.38,4.38,38534
2024-01-19,4.38,4.45,4.37,4.39,110712
2024-01-22,4.39,4.49,4.38,4.39,106854
2024-01-23,4.39,4.46,4.39,4.39,53000
2024-01-24,4.4,4.45,4.38,4.43,115310
2024-01-25,4.39,4.47,4.38,4.4,77800
2024-01-26,4.46,4.46,4.34,4.39,71051
2024-01-29,4.39,4.41,4.22,4.39,49915
2024-01-30,4.37,4.39,4.29,4.36,53633
2024-01-31,4.39,4.41,4.31,4.34,111712
2024-02-01,4.3,4.35,4.26,4.34,59100
2024-02-02,4.34,4.36,4.29,4.29,38200
2024-02-05,4.26,4.38,4.26,4.29,56700
2024-02-06,4.29,4.32,4.28,4.28,27980
2024-02-07,4.28,4.35,4.27,4.34,91700
2024-02-15,4.34,4.39,4.32,4.39,84951
2024-02-16,4.38,4.42,4.35,4.39,67118
2024-02-19,4.39,4.39,4.34,4.39,97911
2024-02-20,4.39,4.43,4.36,4.36,170560
2024-02-21,4.36,4.42,4.36,4.42,63757
2024-02-22,4.49,4.49,4.4,4.4,130516
2024-02-23,4.4,4.42,4.29,4.4,111812
2024-02-26,4.4,4.41,4.34,4.4,92235
2024-02-27,4.39,4.41,4.38,4.4,93814
2024-02-28,4.39,4.54,4.39,4.54,234261
2024-02-29,4.55,4.55,4.49,4.49,90476
2024-03-01,4.47,4.51,4.45,4.49,113359
2024-03-04,4.49,4.62,4.44,4.62,310112
2024-03-05,4.62,4.65,4.52,4.61,133928
2024-03-06,4.61,4.62,4.49,4.49,86884
2024-03-07,4.5,4.54,4.39,4.54,157934
2024-03-08,4.49,4.54,4.39,4.42,277790
2024-03-11,4.42,4.47,4.35,4.37,81415
2024-03-12,4.37,4.38,4.31,4.31,79702
2024-03-13,4.34,4.41,4.29,4.41,128951
2024-03-14,4.42,4.42,4.33,4.42,123400
2024-03-15,4.42,4.43,4.39,4.43,61749
2024-03-18,4.44,4.49,4.35,4.43,133884
2024-03-19,4.47,4.47,4.38,4.43,105612
2024-03-20,4.44,4.44,4.37,4.44,57703
2024-03-21,4.44,4.46,4.43,4.46,48809
2024-03-22,4.46,4.47,4.4,4.45,60151
2024-03-25,4.44,4.49,4.39,4.45,54148
2024-03-26,4.45,4.45,4.38,4.44,31689
2024-03-27,4.49,4.49,4.39,4.45,40905
2024-03-28,4.43,4.46,4.39,4.43,69716
2024-03-29,4.41,4.45,4.37,4.37,101454
2024-04-01,4.44,4.51,4.35,4.42,62223
2024-04-02,4.39,4.45,4.39,4.43,28755
2024-04-03,4.39,4.43,4.37,4.42,58069
2024-04-04,4.39,4.39,4.35,4.37,29041
2024-04-05,4.37,4.41,4.35,4.39,18162
2024-04-08,4.38,4.39,4.36,4.36,16182
2024-04-09,4.35,4.39,4.34,4.36,36470
2024-04-10,4.36,4.37,4.31,4.31,51621
2024-04-11,4.3,4.36,4.27,4.29,52811
2024-04-12,4.3,4.33,4.27,4.33,21829
2024-04-15,4.33,4.33,4.25,4.25,27600
2024-04-16,4.24,4.24,3.96,4.01,120310
2024-04-17,4.01,4.1,4.0,4.01,29000
2024-04-19,3.99,3.99,3.76,3.8,95800
2024-04-22,4.07,4.07,3.8,3.91,56900
2024-04-23,3.83,4.0,3.83,3.99,26100
2024-04-24,3.86,4.04,3.86,4.04,33303
2024-04-25,4.04,4.04,3.8,3.95,31803
2024-04-26,3.95,3.98,3.68,3.9,45575
2024-05-02,3.91,3.96,3.8,3.96,29660
2024-05-03,3.96,3.97,3.91,3.96,49611
2024-05-06,3.96,4.1,3.96,4.02,54142
2024-05-07,4.02,4.04,3.8,4.04,23716
2024-05-08,4.0,4.04,3.97,4.04,24159
2024-05-09,4.04,4.04,3.97,4.0,21767
2024-05-10,3.99,4.04,3.94,4.03,25400
2024-05-13,4.04,4.1,3.95,4.03,169809
2024-05-14,4.03,4.04,3.97,4.01,64611
2024-05-15,4.05,4.05,4.0,4.0,29949
2024-05-16,4.0,4.04,3.97,3.99,148512
2024-05-17,3.98,4.01,3.96,4.0,51546
2024-05-20,3.96,4.03,3.96,4.0,78222
2024-05-21,4.0,4.0,3.97,4.0,77120
2024-05-22,4.0,4.11,3.98,4.1,163522
2024-05-23,4.09,4.1,4.03,4.03,57508
2024-05-24,4.0,4.07,3.97,3.98,63799
2024-05-27,3.98,4.05,3.94,3.99,65200
2024-05-28,3.99,4.0,3.94,3.99,41030
2024-05-29,3.95,4.0,3.94,3.97,76570
2024-05-30,3.99,3.99,3.95,3.97,67410
2024-05-31,3.97,3.97,3.95,3.97,29594
2024-06-03,3.97,4.0,3.97,4.0,75001
2024-06-04,4.0,4.04,3.98,4.02,132442
2024-06-05,4.02,4.05,4.0,4.02,52797
2024-06-06,4.0,4.02,3.98,4.02,36600
2024-06-07,4.02,4.29,4.01,4.24,322183
2024-06-10,4.29,4.29,4.13,4.14,55409
2024-06-11,4.14,4.2,4.03,4.03,97520
2024-06-12,4.03,4.17,4.02,4.15,35116
2024-06-13,4.17,4.17,4.04,4.05,45811
2024-06-14,4.09,4.1,4.02,4.02,25402
2024-06-17,4.02,4.17,3.96,3.96,37851
2024-06-18,3.96,4.03,3.96,4.02,37608
2024-06-19,4.02,4.02,3.98,4.0,34200
2024-06-20,4.0,4.01,3.97,3.98,35944
2024-06-21,4.05,4.06,3.98,4.0,43500
2024-06-24,4.0,4.04,3.98,3.98,62600
2024-06-25,3.98,3.98,3.88,3.97,55985
2024-06-26,3.98,3.99,3.97,3.97,6585
2024-06-27,4.0,4.0,3.97,3.97,8903
2024-06-28,3.97,3.97,3.9,3.9,35300
2024-07-01,3.91,3.94,3.91,3.91,20900
2024-07-02,4.0,4.0,4.0,4.0,320
2024-07-03,3.95,4.0,3.92,3.95,13721
2024-07-04,3.94,4.0,3.93,3.95,45941
2024-07-05,3.97,3.97,3.9,3.9,32210
2024-07-08,3.9,3.97,3.9,3.96,16250
2024-07-09,3.9,3.97,3.9,3.96,42418
2024-07-10,3.96,3.99,3.91,3.95,11822
2024-07-11,3.94,3.94,3.91,3.94,33001
2024-07-12,3.94,3.94,3.9,3.9,7900
2024-07-15,3.86,3.95,3.86,3.9,13453
2024-07-16,3.95,3.95,3.88,3.9,83614
2024-07-17,3.91,3.91,3.74,3.74,88470
2024-07-18,3.64,3.89,3.64,3.83,80501
2024-07-19,3.84,3.85,3.77,3.77,30200
2024-07-22,3.77,3.8,3.65,3.7,34741
2024-07-23,3.7,3.76,3.48,3.61,27003
2024-07-24,3.64,3.74,3.61,3.61,21010
2024-07-25,3.62,3.71,3.57,3.59,45828
2024-07-26,3.61,3.66,3.54,3.66,56101
2024-07-29,3.65,3.68,3.63,3.66,31503
2024-07-30,3.66,3.69,3.61,3.61,23602
2024-07-31,3.61,3.61,3.58,3.61,32827
2024-08-01,3.54,3.56,3.46,3.51,99109
2024-08-02,3.51,3.51,3.32,3.38,66601
2024-08-05,3.15,3.4,3.15,3.15,34102
2024-08-06,3.31,3.31,3.05,3.21,72830
2024-08-07,3.13,3.29,3.13,3.19,24230
2024-08-08,3.19,3.19,3.08,3.18,43601
2024-08-09,3.18,3.3,3.13,3.3,49602
2024-08-12,3.3,3.3,3.28,3.3,20800
2024-08-13,3.28,3.28,3.2,3.21,8121
2024-08-14,3.2,3.21,3.2,3.21,15972
2024-08-15,3.2,3.22,3.2,3.22,9102
2024-08-16,3.21,3.35,3.19,3.32,28929
2024-08-19,3.41,3.41,3.32,3.32,5901
2024-08-20,3.32,3.33,3.26,3.32,43921
2024-08-21,3.32,3.32,3.24,3.29,5781
2024-08-22,3.35,3.35,3.17,3.28,28100
2024-08-23,3.28,3.29,3.21,3.21,21110
2024-08-26,3.22,3.26,3.21,3.25,15850
2024-08-27,3.21,3.23,3.14,3.18,42901
2024-08-28,3.22,3.23,3.19,3.22,21401
2024-08-29,3.23,3.27,3.19,3.2,46880
2024-08-30,3.2,3.23,3.2,3.23,17480
2024-09-04,3.23,3.24,3.13,3.23,29200
2024-09-05,3.23,3.24,3.21,3.22,10920
2024-09-06,3.22,3.23,3.21,3.21,9811
2024-09-09,3.25,3.25,3.19,3.19,11100
2024-09-10,3.22,3.4,3.21,3.24,25900
2024-09-11,3.25,3.25,3.23,3.23,4301
2024-09-12,3.24,3.26,3.24,3.24,5411
2024-09-13,3.21,3.23,3.21,3.22,24600
2024-09-16,3.22,3.27,3.22,3.23,14820
2024-09-17,3.23,3.31,3.22,3.31,8900
2024-09-18,3.24,3.3,3.22,3.24,5015
2024-09-19,3.23,3.29,3.23,3.29,50771
2024-09-20,3.29,3.29,3.23,3.24,9200
2024-09-23,3.23,3.24,3.2,3.2,49529
2024-09-24,3.21,3.23,3.21,3.22,26836
2024-09-25,3.23,3.25,3.22,3.25,36858
2024-09-26,3.12,3.25,3.12,3.2,46028
2024-09-27,3.21,3.21,3.19,3.2,125761
2024-09-30,3.2,3.22,3.2,3.21,28110
2024-10-01,3.22,3.24,3.08,3.23,66428
2024-10-02,3.23,3.23,3.22,3.22,7768
2024-10-03,3.22,3.32,3.2,3.2,16150
2024-10-04,3.24,3.24,3.2,3.23,36621
2024-10-07,3.22,3.24,3.21,3.22,24828
2024-10-08,3.22,3.23,3.21,3.21,33782
2024-10-09,3.17,3.21,3.17,3.21,4011
2024-10-10,3.22,3.22,3.19,3.19,4121
2024-10-11,3.06,3.21,3.06,3.21,15518
2024-10-14,3.21,3.22,3.21,3.21,11405
2024-10-15,3.22,3.23,3.2,3.22,20734
2024-10-16,3.22,3.23,3.21,3.22,33501
2024-10-17,3.21,3.29,3.21,3.22,25724
2024-10-18,3.24,3.24,3.21,3.22,24407
2024-10-21,3.38,3.38,3.22,3.24,6800
2024-10-22,3.35,3.37,3.3,3.3,58310
2024-10-23,3.27,3.31,3.24,3.31,21200
2024-10-24,3.32,3.32,3.28,3.28,8603
2024-10-25,3.29,3.3,3.27,3.28,8600
2024-10-28,3.28,3.3,3.27,3.28,4610
2024-10-29,3.28,3.3,3.26,3.27,18600
2024-10-30,3.29,3.33,3.27,3.27,27277
2024-10-31,3.28,3.29,3.23,3.26,7201
2024-11-01,3.22,3.25,3.18,3.21,16409
2024-11-04,3.24,3.31,3.02,3.19,19202
2024-11-05,3.12,3.21,3.05,3.2,27250
2024-11-06,3.2,3.23,3.08,3.2,14603
2024-11-07,3.01,3.26,3.01,3.2,66112
2024-11-08,3.2,3.25,3.14,3.25,28504
2024-11-11,3.24,3.24,3.12,3.15,19667
2024-11-12,3.17,3.17,3.12,3.15,30767
2024-11-13,3.13,3.15,3.12,3.13,10219
2024-11-14,3.18,3.18,3.08,3.17,30702
2024-11-15,3.21,3.21,3.04,3.06,53900
2024-11-18,3.03,3.07,3.01,3.01,9424
2024-11-19,3.02,3.05,2.94,2.95,31201
2024-11-20,2.96,3.07,2.88,3.02,25901
2024-11-21,3.0,3.12,3.0,3.09,44016
2024-11-22,3.09,3.12,3.08,3.1,13900
2024-11-25,3.12,3.12,3.1,3.12,25560
2024-11-26,3.02,3.11,3.02,3.11,20136
2024-11-27,3.09,3.16,3.07,3.07,43556
2024-11-28,3.15,3.15,3.08,3.08,31500
2024-11-29,3.1,3.18,3.01,3.06,21653
2024-12-02,3.1,3.1,3.08,3.1,10167
2024-12-03,3.1,3.11,3.1,3.11,5430
2024-12-04,3.1,3.13,3.09,3.11,6915
2024-12-05,3.06,3.13,3.06,3.12,11050
2024-12-06,3.09,3.12,3.09,3.12,23451
2024-12-09,3.24,3.24,3.1,3.18,3505
2024-12-10,3.13,3.15,3.1,3.1,20405
2024-12-11,3.1,3.27,3.1,3.16,31100
2024-12-12,3.24,3.24,3.12,3.14,3900
2024-12-13,3.15,3.15,3.11,3.12,8100
2024-12-16,3.12,3.13,3.1,3.11,8900
2024-12-17,3.12,3.14,3.05,3.11,23600
2024-12-18,3.1,3.11,3.05,3.05,58100
2024-12-19,3.05,3.1,3.0,3.03,71800
2024-12-20,3.02,3.14,3.02,3.08,25300
2024-12-23,3.08,3.13,3.06,3.07,19500
2024-12-24,3.07,3.1,3.05,3.05,22500
2024-12-25,3.09,3.26,3.09,3.26,78700
2024-12-26,3.48,3.48,3.48,3.48,54100
2024-12-27,3.72,3.72,3.49,3.65,482200
2024-12-30,3.65,3.7,3.5,3.62,51200
2024-12-31,3.62,3.62,3.37,3.37,73500
2025-01-02,3.37,3.4,3.31,3.38,90600
2025-01-03,3.38,3.38,3.26,3.38,97900
2025-01-06,3.38,3.57,3.37,3.49,47700
2025-01-07,3.48,3.52,3.25,3.38,35500
2025-01-08,3.42,3.42,3.19,3.32,11100
2025-01-09,3.32,3.35,3.29,3.3,30200
2025-01-10,3.27,3.35,3.15,3.17,58200
2025-01-13,3.17,3.2,3.15,3.19,39600
2025-01-14,3.19,3.19,3.12,3.12,41800
2025-01-15,3.19,3.27,3.11,3.22,71200
2025-01-16,3.3,3.3,3.2,3.24,63400
2025-01-17,3.24,3.4,3.19,3.29,34200
2025-01-20,3.3,3.3,3.16,3.19,32500
2025-01-21,3.19,3.25,3.16,3.22,14500
2025-01-22,3.18,3.23,3.18,3.22,63100
2025-01-23,3.12,3.33,3.12,3.29,58100
2025-01-24,3.29,3.3,3.15,3.19,30000
2025-02-03,3.2,3.26,3.19,3.23,98900
2025-02-04,3.28,3.29,3.2,3.27,40800
2025-02-05,3.27,3.29,3.23,3.25,41200
2025-02-06,3.29,3.47,3.29,3.47,101300
2025-02-07,3.71,3.71,3.71,3.71,95800
2025-02-10,3.96,3.96,3.84,3.96,846800
2025-02-11,4.2,4.2,3.96,4.01,487900
2025-02-12,4.02,4.02,3.75,3.79,201100
2025-02-13,3.79,4.05,3.78,4.05,214300
2025-02-14,4.33,4.33,4.3,4.33,366100
2025-02-17,4.63,4.63,4.63,4.63,886600
2025-02-18,4.95,4.95,4.91,4.95,2613800
2025-02-19,5.1,5.29,4.83,5.05,1780700
2025-02-20,5.22,5.4,5.0,5.39,1550500
2025-02-21,5.49,5.49,5.05,5.05,885800
2025-02-24,5.18,5.18,4.7,5.02,1092300
2025-02-25,4.9,4.95,4.77,4.78,522400
2025-02-26,4.78,4.92,4.78,4.85,241700
2025-02-27,4.72,5.0,4.72,4.97,328000
2025-02-28,4.98,4.99,4.7,4.83,432300
2025-03-03,4.92,4.95,4.5,4.5,687400
2025-03-04,4.4,4.7,4.22,4.3,443500
2025-03-05,4.26,4.4,4.1,4.1,513500
2025-03-06,4.05,4.21,4.05,4.15,270400
2025-03-07,4.17,4.19,4.01,4.1,323900
2025-03-10,4.12,4.33,4.07,4.3,411700
2025-03-11,4.3,4.3,4.2,4.3,441400
2025-03-12,4.34,4.38,4.2,4.2,228400
2025-03-13,4.2,4.25,4.12,4.12,270400
2025-03-14,4.13,4.19,4.1,4.11,163700
2025-03-17,4.13,4.28,4.11,4.23,260200
2025-03-18,4.19,4.27,4.13,4.17,139600
2025-03-19,4.26,4.26,4.1,4.11,165000
2025-03-20,4.16,4.17,4.02,4.07,207500
2025-03-21,4.05,4.1,4.0,4.04,154800
2025-03-24,3.9,4.04,3.82,3.9,276100
2025-03-25,3.96,3.97,3.8,3.89,388400
2025-03-26,3.82,3.91,3.8,3.83,145800
2025-03-27,3.62,3.82,3.62,3.74,100400
2025-03-28,3.75,3.79,3.7,3.74,126300
2025-03-31,3.71,3.82,3.71,3.78,183000
2025-04-01,3.8,4.04,3.75,4.04,401200
2025-04-02,4.32,4.32,4.25,4.32,400000
2025-04-03,4.33,4.45,4.02,4.03,1048400
2025-04-04,3.8,4.31,3.75,4.31,424400
2025-04-08,4.61,4.61,4.01,4.01,898500
2025-04-09,3.74,4.1,3.74,3.75,241900
2025-04-10,4.01,4.01,4.01,4.01,51500
2025-04-11,4.1,4.13,3.8,4.0,556300
2025-04-14,4.17,4.18,4.02,4.04,187100
2025-04-15,4.1,4.1,3.9,3.93,182300
2025-04-16,3.93,3.99,3.92,3.92,83100
2025-04-17,3.91,3.96,3.86,3.93,123200
2025-04-18,3.95,3.98,3.93,3.95,231000
2025-04-21,3.83,3.92,3.83,3.9,137200
2025-04-22,3.91,3.91,3.63,3.69,350400
2025-04-23,3.85,3.85,3.71,3.8,105300
2025-04-24,3.8,3.85,3.77,3.8,67800
2025-04-25,3.81,3.9,3.81,3.9,147700
2025-04-28,3.9,4.0,3.86,3.92,64300
2025-04-29,3.93,3.93,3.85,3.9,63300
2025-05-05,3.9,3.91,3.8,3.85,89900
2025-05-06,3.87,3.94,3.83,3.86,124000
2025-05-07,3.89,3.9,3.82,3.83,49100
2025-05-08,3.79,3.9,3.79,3.82,115200
2025-05-09,3.82,3.87,3.8,3.83,128200
2025-05-12,3.82,3.88,3.8,3.88,129900
2025-05-13,3.88,3.95,3.85,3.93,242100
2025-05-14,3.92,3.94,3.89,3.92,190000
2025-05-15,3.92,3.92,3.86,3.86,165900
2025-05-16,3.86,3.86,3.81,3.82,178800
2025-05-19,3.84,3.89,3.79,3.79,175700
2025-05-20,3.79,4.05,3.75,4.05,313500
2025-05-21,4.26,4.26,4.06,4.1,481100
2025-05-22,4.05,4.05,3.85,3.94,230800
2025-05-23,3.95,3.98,3.82,3.82,160800
2025-05-26,3.82,3.95,3.8,3.87,126800
2025-05-27,3.97,3.97,3.83,3.92,152200
2025-05-28,3.94,4.0,3.88,3.91,174700
2025-05-29,3.86,3.93,3.85,3.88,68300
2025-05-30,3.88,3.88,3.79,3.82,364700
2025-06-02,3.83,3.9,3.8,3.86,207300
2025-06-03,3.86,3.88,3.82,3.85,98400
2025-06-04,3.85,3.92,3.85,3.85,119300
2025-06-05,3.88,3.99,3.85,3.97,199800
2025-06-06,3.97,3.97,3.88,3.9,134100
2025-06-09,3.9,3.9,3.81,3.81,146200
2025-06-10,3.81,3.88,3.8,3.84,82200
2025-06-11,3.85,3.85,3.8,3.85,112800
2025-06-12,3.85,3.92,3.85,3.9,251800
2025-06-13,3.9,3.9,3.85,3.9,352000
2025-06-16,3.9,3.9,3.85,3.9,59800
2025-06-17,3.9,3.91,3.87,3.89,124000
2025-06-18,3.89,4.16,3.85,4.16,569700
2025-06-19,4.1,4.15,4.01,4.03,119300
2025-06-20,4.0,4.0,3.89,3.91,151700
2025-06-23,3.89,3.94,3.85,3.91,67300
2025-06-24,3.92,3.95,3.91,3.92,32900
2025-06-25,3.92,3.94,3.92,3.92,86100
2025-06-26,3.92,3.93,3.89,3.92,85800
2025-06-27,3.92,3.94,3.9,3.93,44200
2025-06-30,3.95,4.17,3.95,4.06,306900
2025-07-01,4.06,4.1,4.01,4.01,130500
2025-07-02,4.04,4.04,3.98,3.99,149200
2025-07-03,4.0,4.08,4.0,4.01,146900
2025-07-04,4.02,4.08,4.02,4.03,77200
2025-07-07,4.02,4.1,4.01,4.06,140600
2025-07-08,4.07,4.11,4.06,4.09,130500
2025-07-09,4.12,4.19,4.08,4.13,316500
2025-07-10,4.22,4.22,4.12,4.14,81800
2025-07-11,4.14,4.31,4.13,4.22,298900
2025-07-14,4.27,4.27,4.0,4.19,138600
2025-07-15,4.22,4.22,4.12,4.15,236600
2025-07-16,4.15,4.21,4.11,4.16,202100
2025-07-17,4.18,4.23,4.15,4.16,239200
2025-07-18,4.16,4.34,4.16,4.23,339700
2025-07-21,4.25,4.4,4.21,4.22,301900
2025-07-22,4.25,4.29,4.22,4.25,200200
2025-07-23,4.23,4.27,4.2,4.24,205700
2025-07-24,4.25,4.33,4.19,4.3,328900
2025-07-25,4.3,4.58,4.28,4.39,325900
2025-07-28,4.53,4.53,4.37,4.39,286800
2025-07-29,4.39,4.39,4.1,4.1,489000
2025-07-30,4.0,4.18,4.0,4.17,180900
2025-07-31,4.19,4.19,4.1,4.19,69100
2025-08-01,4.19,4.27,4.17,4.24,273800
2025-08-04,4.29,4.29,4.19,4.2,319200
2025-08-05,4.21,4.28,4.12,4.16,405900
2025-08-06,4.16,4.19,4.12,4.15,265500
2025-08-07,4.15,4.2,4.12,4.2,274800
2025-08-08,4.2,4.24,4.15,4.17,189200
2025-08-11,4.19,4.27,4.17,4.21,276500
2025-08-12,4.2,4.21,4.15,4.16,316000
2025-08-13,4.18,4.22,4.17,4.2,261300
2025-08-14,4.2,4.2,4.16,4.16,264400
2025-08-15,4.23,4.23,4.14,4.14,285300
2025-08-18,4.14,4.25,4.14,4.19,192600
2025-08-19,4.37,4.4,4.24,4.33,425600
2025-08-20,4.41,4.43,4.19,4.23,266200
2025-08-21,4.22,4.23,4.15,4.18,260600
2025-08-22,4.18,4.18,4.01,4.09,219900
2025-08-25,4.09,4.09,4.01,4.02,72900
2025-08-26,4.01,4.11,4.01,4.11,114000
2025-08-27,4.11,4.18,4.06,4.1,75800
2025-08-28,4.1,4.16,4.02,4.14,50800
2025-08-29,4.14,4.14,4.06,4.1,113900
2025-09-03,4.1,4.13,4.03,4.09,76500
2025-09-04,4.11,4.14,4.07,4.11,55700
2025-09-05,4.11,4.15,4.09,4.1,91100
2025-09-08,4.09,4.13,4.03,4.09,78800
2025-09-09,4.1,4.12,4.06,4.09,67200
2025-09-10,4.09,4.11,4.01,4.1,59300
2025-09-11,4.1,4.15,3.99,4.07,88200
2025-09-12,4.05,4.11,4.03,4.08,51000
2025-09-15,4.09,4.12,4.05,4.1,138600
2025-09-16,4.1,4.3,4.08,4.14,185700
2025-09-17,4.23,4.23,4.1,4.11,126000
2025-09-18,4.12,4.19,4.12,4.17,24900
2025-09-19,4.17,4.19,4.13,4.17,15900
2025-09-22,4.17,4.17,4.12,4.14,34500
2025-09-23,4.14,4.15,4.09,4.09,46100
2025-09-24,4.09,4.15,4.05,4.15,59800
2025-09-25,4.15,4.15,4.05,4.13,47700
2025-09-26,4.06,4.3,4.06,4.16,469500
2025-09-29,4.23,4.23,4.15,4.16,64200
2025-09-30,4.15,4.15,3.98,4.07,172200
2025-10-01,4.09,4.09,3.94,4.06,282400
2025-10-02,4.12,4.12,3.98,3.98,72600
2025-10-03,3.98,4.0,3.94,3.95,48500
2025-10-06,3.95,4.04,3.9,3.96,114900
2025-10-07,3.97,3.97,3.83,3.86,260200
2025-10-08,3.88,3.93,3.84,3.89,61400
2025-10-09,3.89,3.94,3.87,3.88,57600
2025-10-10,3.86,3.88,3.83,3.86,86100
2025-10-13,3.83,3.9,3.83,3.86,50400
2025-10-14,3.86,3.88,3.82,3.84,49700
2025-10-15,3.84,3.9,3.76,3.77,110500
2025-10-16,3.77,3.79,3.71,3.74,47600
2025-10-17,3.76,3.8,3.7,3.75,32000
2025-10-20,3.75,3.8,3.66,3.67,50000
2025-10-21,3.7,3.79,3.51,3.53,89000
2025-10-22,3.56,3.77,3.56,3.7,82000
2025-10-23,3.7,3.73,3.61,3.71,40900
2025-10-24,3.74,3.74,3.61,3.67,16300
2025-10-27,3.67,3.7,3.55,3.68,60800
2025-10-28,3.68,3.7,3.61,3.68,15300
2025-10-29,3.75,3.75,3.66,3.75,16200
2025-10-30,3.76,3.8,3.7,3.7,20300
2025-10-31,3.69,3.75,3.69,3.71,64800
2025-11-03,3.68,3.8,3.68,3.77,45900
2025-11-04,3.77,3.8,3.71,3.79,27500
2025-11-05,3.72,3.78,3.71,3.72,17600
2025-11-06,3.72,3.79,3.68,3.68,26400
2025-11-07,3.75,3.75,3.61,3.7,16000
2025-11-10,3.7,3.7,3.65,3.7,34100
2025-11-11,3.72,3.72,3.56,3.7,21400
2025-11-12,3.7,3.71,3.6,3.69,53800
2025-11-13,3.7,3.7,3.68,3.69,3500
2025-11-14,3.69,3.69,3.54,3.69,35800
